x_S,x_E,x_I,x_R,x_rzero,x_gamma,x_sigma,x_c,dI
10982777.2876743,1085.03003162175,6078.46885105526,10899.2134431041,0.5,0.036,0.142,0,-129.033552452017
10996560.1301744,4.83241543714956,64.5788716221626,4210.45853851919,0.644444444444444,0.039,0.341,0,-2.65716771488714
10942090.7338647,1258.11998395404,7680.50983782001,49810.6363135129,1.69791666666667,0.044,0.423,0,-184.752423348527
10984527.576401,332.77466173368,3964.10370855798,12015.5452288048,0.989583333333333,0.016,0.197,0,-156.225371119226
10926608.2948428,208.915023044089,7836.76916932083,66186.0209647635,0.5,0.025,0.478,0,-395.193189173309
1931154.91021894,155253.166404134,2667339.15566368,6247092.76771325,2.8,0.029,0.277,0,-118324.898335067
10999325.5432842,139.569699746963,1000.17558411951,374.711431935799,2.82,0.025,0.478,0,-28.7653710744057
10810637.6316901,3520.54649557017,14476.5141042382,172205.307710031,0.53125,0.083,0.204,0,-127.247301959723
10887753.9502086,2856.38192785561,22838.0756835711,87391.5921800031,1.21875,0.044,0.423,0,-719.518498155192
10987555.9977695,2155.0320436299,5243.03583962916,5885.93434732155,1.70714285714286,0.036,0.142,0,123.151603437636
10996268.1023372,2.40145383404142,48.2683265541906,4521.22788240123,0.4,0.039,0.341,0,-2.21969092067053
10981752.268677,141.420316290895,5279.03602627684,13667.2749804182,0.5,0.025,0.478,0,-266.075666685357
10997215.4949387,312.433461357105,1899.38163798046,1412.68996194447,2.138,0.016,0.197,0,-45.4397134666536
10842282.77433,8223.14283215711,41583.315819126,108750.767018658,0.5,0.069,0.229,0,-728.764847363742
10998459.2332665,344.120302362526,1187.29730727625,849.349123850155,3.3,0.029,0.277,0,1.68219983037417
10994715.3041405,882.746287180803,3205.35609106618,2036.59348129557,3.05,0.029,0.277,0,-9.73200758072971
10855747.818065,2451.98060326234,25001.9161768059,117638.28515499,0.927083333333333,0.044,0.423,0,-917.453285052267
1232412.9302154,62794.9295000968,1693909.38720841,8011722.75307612,2.8,0.029,0.277,0,-82029.0993828431
10386037.4319248,66775.3317002949,263283.634775885,284743.601599008,2.96,0.029,0.277,0,-1783.09492236189
10889630.8321918,2208.41927220484,12779.8714064597,96220.8771294985,0.572916666666667,0.0555555555555556,0.192307692307692,0,-285.356952221572
10960420.223388,2322.60713399685,6165.60617396339,31931.5633040114,1.63541666666667,0.036,0.142,0,104.12137431027
10087092.1025057,7777.39370479553,32967.3306465463,873003.173142963,0.5,0.083,0.204,0,-335.897323771202
9011048.26282471,461239.996640054,599929.490318107,928622.250217163,2.02,0.072,0.134,0,55369.1379502942
10530561.5121481,10478.6286915398,47425.414496611,412374.44466366,0.697916666666667,0.0555555555555556,0.192307692307692,0,-619.74510244907
11000039.8268804,122.574570548034,230.972653553259,446.625895523151,2.94,0.044,0.423,0,10.7512386576545
10998103.9161566,63.7314246721497,621.380697471971,2050.97172123935,0.908,0.039,0.341,0,-22.265792805466
10999201.5341249,174.2939086077,714.32257791299,749.84938863159,2.64,0.044,0.423,0,-6.1773806164315
10996261.3523342,1.89207042098462,38.6456842777547,4538.10991103605,0.4,0.039,0.341,0,-1.7831036997496
10998092.9440133,401.106183716129,1384.92727220906,961.022530753765,3.2625,0.029,0.277,0,6.44934335659846
10990617.873547,956.009459006792,4756.54471970349,4509.57227431504,2.096,0.044,0.423,0,-80.3954715381496
10980464.4187527,607.653898851744,4236.47744451768,15531.4499039805,0.510416666666667,0.036,0.142,0,-118.505611423851
10131467.2770851,251849.25779286,278623.047074632,338900.418047441,2.4,0.072,0.134,0,32950.2448544496
10368576.6229075,28274.3518116509,88200.2721830216,515788.753097607,1.11458333333333,0.069,0.229,0,537.489300560582
9666971.49438746,352655.302255261,418226.248271135,562986.95508618,2.22,0.072,0.134,0,44585.2690879164
3295790.40826935,356330.171861499,613092.449136623,6735626.97073256,3.7,0.072,0.134,0,34465.509271175
10505627.3947375,5824.71966491892,33870.179095543,455517.706501891,0.5,0.0555555555555556,0.192307692307692,0,-761.548923605608
10930753.9472306,391.432453189374,11441.2922722855,58253.3280437899,0.625,0.025,0.478,0,-560.352850915288
10987480.4136067,392.532650278233,3419.83604724032,9547.21769587199,1.41666666666667,0.016,0.197,0,-114.504967834559
10617193.9696616,17060.5269092188,56619.79075846,309965.712670634,1.05208333333333,0.0555555555555556,0.192307692307692,0,135.346562739096
10986037.4028443,380.356776353095,3777.1646915422,10645.0756878632,1.21875,0.016,0.197,0,-136.703481703438
10643412.0961306,17486.755246906,54787.0316024251,285154.117019994,1.13541666666667,0.0555555555555556,0.192307692307692,0,319.124544314198
10987880.1874418,2135.56174253514,5124.9445801385,5699.30623557568,1.77142857142857,0.036,0.142,0,125.951881975975
10951185.0357653,2918.55026224448,8659.12889930235,38077.2850731313,1.39583333333333,0.036,0.142,0,80.2045780519188
10819067.8024115,372.341567346264,6913.98235369365,174485.873667538,0.5,0.044,0.423,0,-312.491844402934
10736584.5497325,6613.43497157334,16148.6197664749,241493.395529354,1.57291666666667,0.069,0.229,0,374.693539050471
10797483.5798,2518.6805831004,7811.47048182197,193026.269134971,0.78125,0.083,0.204,0,50.3810790490138
10990883.0360699,542.919117843492,5350.18162238182,4063.86318988188,2.012,0.025,0.478,0,-192.83622509074
10994425.7574865,922.325058211803,3360.13992842494,2131.77752688369,3.0375,0.029,0.277,0,-15.5522343323657
10138580.5821616,9273.16238318348,49739.0384710746,803247.21698393,0.552083333333333,0.069,0.229,0,-979.86079932674
10974497.4923683,775.042408492762,2779.8055377548,22787.6596854443,1.1875,0.036,0.142,0,-5.39288622314433
10945443.4446991,5591.13742872407,27590.2829767464,22215.1348955072,2.08,0.029,0.277,0,-454.774892610451
10803030.8383142,9483.73768383925,22162.3714486176,166163.052553218,1.69791666666667,0.0555555555555556,0.192307692307692,0,592.423708518
1944523.69153052,196829.184553261,492141.669358294,8367345.45455795,3.22,0.072,0.134,0,10511.6448060387
10406926.7342066,63994.959414965,252654.694263374,277263.612115103,2.95,0.029,0.277,0,-1730.45936649534
10857017.9236106,3439.03205320353,36842.5592998087,103540.485036387,1.14,0.029,0.277,0,-1393.54799713556
10918308.6678615,859.865796136847,6042.47983910876,75628.9865032407,0.5,0.036,0.142,0,-170.315157776216
10998508.276489,61.5687086811864,706.259388998454,1563.8954133458,0.756,0.039,0.341,0,-27.3952640289109
10959612.3834651,364.339419116963,3360.73693860051,37502.5401771059,1.07291666666667,0.044,0.423,0,-116.643374772393
10922205.0683284,16223.9239606306,25364.0707397971,37046.9369711354,1.914,0.083,0.204,0,1710.9365918597
10999494.3138356,109.089255178886,658.446771172323,578.150138118329,1.456,0.039,0.341,0,-15.6007613648686
10975193.1468592,5346.44958151461,9804.49028047392,10495.9132787834,2.222,0.069,0.229,0,483.548002079968
10988208.6743414,2108.49567229915,5005.87992649723,5516.95005985488,1.83571428571429,0.036,0.142,0,127.371424814407
10061878.3311321,2015.00623625344,8879.07607412873,928067.586557516,0.5,0.083,0.204,0,-105.818413818456
10981208.2268395,144.462680480074,4812.68246680445,14674.6280131515,0.583333333333333,0.025,0.478,0,-239.578059906601
10744803.5772691,85058.0280083027,83750.1409792819,87228.2537433065,2.8125,0.072,0.134,0,11704.1765095897
10996763.3109262,17.5193101300437,247.451752263375,3811.71801145584,0.598,0.039,0.341,0,-10.3778957735657
1392776.98040676,83746.967041565,1993194.8628876,7531121.1896641,2.8,0.029,0.277,0,-94624.2873226673
10997759.0118859,69.4912563157422,604.020351946003,2407.47650584284,1.028,0.039,0.341,0,-20.1942934108552
10997947.0447716,65.961976328922,608.363303592586,2218.6299484464,0.964,0.039,0.341,0,-21.1119509738136
10981547.7640172,1546.58196094924,8613.90643910888,9131.74758268528,1.77142857142857,0.044,0.423,0,-181.122921260215
10086317.301055,262537.411977958,292526.087426121,359459.199540933,2.38,0.072,0.134,0,34234.5718022267
3536509.31896848,340519.28828485,3253772.07627146,3870039.31647518,2.8,0.029,0.277,0,-115279.909047878
10999023.750413,157.819569374947,1175.10164230287,483.328375290219,2.74,0.025,0.478,0,-34.9635869558536
10998458.8494518,567.617126746191,1077.6703619754,735.863059508599,2.572,0.036,0.142,0,49.2862099009882
10859202.0124093,14954.3809287777,45658.8939730947,81024.7126888239,0.916666666666667,0.069,0.229,0,339.274519677604
10929334.4331024,308.003082936079,10475.8939678124,60721.6698467413,0.53125,0.025,0.478,0,-522.774049143703
6062502.13395938,491291.540357116,2488557.22142334,1958489.10426017,3.5,0.029,0.277,0,-43783.730551051
10990878.4342451,273.515878818938,2263.76426596392,7424.28561015275,1.59375,0.016,0.197,0,-73.1700647380266
10973934.5066519,298.411583663739,4356.75908660708,22250.3226778065,1.35416666666667,0.025,0.478,0,-184.665544221599
10992987.4990368,765.826739095886,3687.27470778684,3399.39951633346,2.18,0.044,0.423,0,-57.5542945211243
4409433.96464404,433146.069766787,3126701.93306292,3031558.03252624,3.045,0.029,0.277,0,-90408.6395941901
10988792.6914991,380.01636806275,2994.04491427285,8673.2472186413,1.59375,0.016,0.197,0,-93.2553922008247
1521802.66832308,39523.7973353492,138554.560432501,9300958.97390911,2.8,0.072,0.134,0,-97.5737973632873
10812782.5346768,8286.04170540066,19367.8777602447,160403.545857498,1.75,0.0555555555555556,0.192307692307692,0,517.486892848538
10927257.3093541,2032.86752687751,12848.859977496,58700.9631415008,1.59375,0.044,0.423,0,-322.896349754225
10852792.7881976,2355.71039502795,24767.4354873345,120924.065920092,0.895833333333333,0.044,0.423,0,-922.991817550378
1643335.56175584,84614.1197469194,273796.190725697,8999094.12777158,2.8,0.072,0.134,0,1059.01477929352
10992925.4868675,2821.41831563215,2560.00463977744,2533.09017709143,3.2325,0.072,0.134,0,397.482346471593
10982954.113575,3884.75862751777,6943.65793715836,7057.46986025731,2.306,0.069,0.229,0,361.368093770493
10970764.6480258,1108.80252468737,3359.12884390668,25607.4206056489,1.45833333333333,0.036,0.142,0,26.6156168764547
10998848.4805283,88.7587731822869,778.434835710285,1124.325862852,0.924,0.039,0.341,0,-26.1783665672009
10985964.0231156,378.944120973894,3791.40782061748,10705.6249428756,1.20833333333333,0.016,0.197,0,-137.752015667874
10400907.226095,28470.6501651782,85702.9233515636,485759.200388022,1.16666666666667,0.069,0.229,0,713.839824718244
10195554.3489055,27093.0423400683,76202.6272442464,701989.981510202,0.854166666666667,0.083,0.204,0,976.748551732036
10507816.7881237,31374.1865820699,63620.1362872711,398028.889006892,1.34375,0.083,0.204,0,2499.11860565245
10796877.3541607,2411.76645165251,9615.17860506397,191935.700782456,0.84375,0.069,0.229,0,-70.2810002059261
10155239.6019257,12497.3578774843,60206.6706750458,772896.369521572,0.635416666666667,0.069,0.229,0,-941.430754605565
10938405.1309525,3075.10130674186,10915.0142306642,48444.7535100882,1.09375,0.036,0.142,0,-15.0362541757826
10499075.0763671,4516.56228805935,28004.0127331002,469244.348611683,0.5,0.0555555555555556,0.192307692307692,0,-687.219049409316
1088687.56646958,44617.3134692633,1368628.08130294,8498907.03875823,2.8,0.029,0.277,0,-67457.2693616376
10801027.1939114,2672.39263227536,8966.27846258337,188174.134993687,0.708333333333333,0.083,0.204,0,15.9725910445698
10996613.577323,5.96874914388175,106.481301665251,4113.97262616378,0.477777777777778,0.039,0.341,0,-4.76436426744511
1474921.92774454,22114.9788718578,79907.610452469,9423895.48293121,2.8,0.072,0.134,0,-186.50066783709
10965924.3757457,1685.18581966388,4547.98921329659,28682.4492213191,1.6875,0.036,0.142,0,71.4001562054927
10982735.6076834,202.514629870143,3655.66566699045,14246.2120197872,0.614583333333333,0.016,0.197,0,-164.145733259847
10996295.4055239,4.87511139478118,80.30317500024,4459.41618965211,0.48,0.039,0.341,0,-3.52438538666321
10945218.0743756,1053.13379811094,6643.51023675605,47925.2815895062,1.63541666666667,0.044,0.423,0,-166.522597585714
10994224.3538228,97.7038720549798,2173.50305760022,4344.43924761769,0.572916666666667,0.016,0.197,0,-101.955698039743
10997558.5138933,74.2407913275123,610.575329954688,2596.66998540652,1.092,0.039,0.341,0,-19.6432490860149
10942772.4598346,3115.67881792948,10341.1527965489,44610.7085509497,1.19791666666667,0.036,0.142,0,24.6481243319079
10944189.6973812,768.468739224678,12982.3073575308,42899.5265219457,1.125,0.025,0.478,0,-573.454092377869
8353189.5194777,344966.407395263,1336352.88095365,966331.192173406,3.62,0.029,0.277,0,-7908.15034341149
10998081.8638309,64.0050864232249,618.973071356654,2075.15801128833,0.916,0.039,0.341,0,-22.0796855785276
10781138.1485307,2670.96527795873,6310.9923415607,210719.893849742,1.11458333333333,0.083,0.204,0,163.093603810581
10955808.5583143,2670.40352287325,7482.35060363383,34878.6875591907,1.51041666666667,0.036,0.142,0,97.8554905438022
10990323.6148094,311.122769865741,2442.60866284294,7762.65375801193,1.6875,0.016,0.197,0,-75.8618222370391
10480247.6982061,32759.418388935,67954.129921504,419878.753483392,1.30208333333333,0.083,0.204,0,2524.58964616571
10104643.0884019,2778.41398762229,17254.9260567099,876163.571553571,0.5,0.069,0.229,0,-424.272605393927
1463279.75585624,17781.7592066987,64747.7425479657,9455030.74238917,2.8,0.072,0.134,0,-179.255789490465
10931394.4100811,6350.90397457861,33767.4114638864,29327.2744805182,1.88,0.029,0.277,0,-657.795509742863
10552984.6932643,142057.383582504,145753.372239546,160044.550913679,2.64,0.072,0.134,0,19219.9132265813
10968514.9959826,395.94423518524,7256.69967722746,24672.3601049749,0.5,0.044,0.423,0,-327.010621472157
5516032.07924018,491306.415865264,2731947.85602717,2261553.64886738,3.36,0.029,0.277,0,-57298.0874480849
10996271.278812,2.69831234925571,52.6640985444659,4513.35877710346,0.41,0.039,0.341,0,-2.4067995541856
10731587.3945568,8008.6371740549,14491.1991194761,246752.769149597,1.625,0.083,0.204,0,734.958687496472
6204327.16767279,140527.339779433,269456.287970564,4386529.20457725,2.1,0.072,0.134,0,12054.5701438405
10969350.6051706,460.502136829924,5694.37067172782,25334.5220207964,1.61458333333333,0.025,0.478,0,-227.797974015211
6310654.39913674,121885.502378261,280223.125493653,4288076.97299137,1.7,0.072,0.134,0,7873.35104129283
10996492.9057229,4.41083724958697,43.5704653318657,4299.11297456809,0.888888888888889,0.039,0.341,0,-1.57260596176065
10859263.2708755,2965.20460028833,37217.4036649271,101394.120859329,0.98,0.029,0.277,0,-1492.94230061029
10953370.9975105,595.378252218825,4322.36613457466,42551.2581026387,1.39583333333333,0.044,0.423,0,-125.614327772321
10789609.6407715,2465.50151151655,8691.8779435799,200072.979773242,0.979166666666667,0.069,0.229,0,-8.74028402928099
10996598.2095474,5.58796345911569,91.4477701963238,4144.75471899614,0.522222222222222,0.039,0.341,0,-4.00617881910342
10997364.9721176,68.2325183461226,617.941235535855,2788.85412854256,0.89,0.039,0.341,0,-21.2082446205618
10893779.3363249,2652.81653818923,16184.4967105982,88223.35042627,0.5,0.0555555555555556,0.192307692307692,0,-388.973736110177
10987372.6749284,4860.43623307677,4369.38907106205,4237.49976743414,3.285,0.072,0.134,0,691.027487929857
10464513.1263741,56338.2463841327,223405.980068038,256582.647173765,2.92,0.029,0.277,0,-1569.87051025901
3213189.07554952,306092.273073386,3234833.88688478,4246724.76449229,2.8,0.029,0.277,0,-120850.800493113
10828495.6611269,924.028021928204,16091.2759292997,155329.034921891,0.510416666666667,0.044,0.423,0,-716.270844837025
10978000.0067519,597.226622154203,2953.69109210994,19289.0755338925,0.822916666666667,0.036,0.142,0,-49.2547761581493
10992975.2551091,154.371696725922,1843.55771676842,5866.81547748577,1.08333333333333,0.016,0.197,0,-72.7315494377333
10324902.5092408,27299.4005913727,89774.7377745313,558863.352393149,1.04166666666667,0.069,0.229,0,262.299007562246
10996568.3464724,4.96920514652778,69.2644557761301,4197.41986669284,0.616666666666667,0.039,0.341,0,-2.89257472478201
10758436.254192,4556.22890714995,9015.25860300119,228832.258297825,1.42708333333333,0.083,0.204,0,375.276964815699
10893798.8711568,2820.74261998209,21734.8887059874,82485.4975172001,1.27083333333333,0.044,0.423,0,-665.034886941316
10976715.7383589,223.405577025144,3895.5462248725,20005.3098391449,1.125,0.025,0.478,0,-173.459563411227
2591751.33139202,319807.59043879,628661.420915727,7460619.65725351,3.59333333333333,0.072,0.134,0,26576.4209854449
2966985.46632713,351379.663800484,632372.315413496,7050102.55445892,3.65333333333333,0.072,0.134,0,32442.5643268838
10996774.9831636,17.9367801559062,254.953912887867,3792.12614339139,0.594,0.039,0.341,0,-10.7155925172014
10966698.2458301,305.511364849525,5529.65170914669,28306.5910958399,0.520833333333333,0.044,0.423,0,-248.440607628688
10995174.779761,282.665766580058,2787.48097326244,2595.07349913113,1.0,0.016,0.197,0,-100.501828527813
10433641.6978288,28246.2748550127,82180.2422145909,456771.785101385,1.21875,0.069,0.229,0,866.444941243921
10945288.7594369,779.674478958169,12840.5641334244,41931.0019506226,1.15625,0.025,0.478,0,-563.445327606527
10939363.7629866,690.461201896042,13273.282154004,47512.4936573772,0.979166666666667,0.025,0.478,0,-604.61930797415
10928567.9997681,263.070820581326,9768.5916288688,62240.3377823402,0.5,0.025,0.478,0,-492.142249730744
10998334.8263692,701.580753055809,880.71209507691,922.880782693245,2.68,0.083,0.204,0,86.048773047412
10992910.932254,1498.39613848158,3280.94888602864,3149.7227215103,2.11,0.036,0.142,0,105.882004459119
10822795.3240803,569.350242425113,10568.4427170508,166906.882960257,0.5,0.044,0.423,0,-477.682433307707
10847969.1603897,3953.72778254955,10590.5405775643,138326.571250105,1.45833333333333,0.0555555555555556,0.192307692307692,0,171.975591647177
10888033.1179108,2136.79843681621,11729.2745522681,98940.8091000785,0.614583333333333,0.0555555555555556,0.192307692307692,0,-240.753134530043
5664186.61574615,217657.840299481,332651.338467105,4786344.20548731,2.64,0.072,0.134,0,23372.541693179
10936602.7183036,11777.339502634,23388.9013649147,29071.0408288101,1.984,0.069,0.229,0,965.433667463825
10993854.6982932,114.191214961516,1966.21968537929,4904.89080651841,0.75,0.016,0.197,0,-87.2754765464898
10992655.4224123,477.136917159353,4504.83775761346,3202.60291289551,2.11,0.025,0.478,0,-158.522297865768
10994690.5755774,115.472350700881,2604.43962114408,3429.51245080314,0.5,0.016,0.197,0,-122.485144412789
10988100.3483578,389.368489530612,3228.78494060348,9121.49821215215,1.5,0.016,0.197,0,-104.499994347472
10999761.8366736,352.56240956348,463.350153618896,262.250763247176,2.94,0.069,0.229,0,42.0324002875551
10996687.293939,12.0185295805138,192.016738566213,3948.67079293065,0.5,0.039,0.341,0,-8.35507275676392
2480354.39731284,305476.167732769,619518.19359874,7595491.2413557,3.57333333333333,0.072,0.134,0,24327.3123016869
11000086.4397574,209.134123381547,113.560412709368,430.865706510226,2.98,0.044,0.423,0,33.9121492325823
10955401.8180221,2696.11439831456,7592.04009426669,35150.027485377,1.5,0.036,0.142,0,96.7008372330169
10962122.3594401,8813.11833316044,12974.1599139065,16930.3623128383,2.096,0.083,0.204,0,973.990369555057
10963922.7997066,300.281152309,3880.83916421877,32736.0799768436,0.75,0.044,0.423,0,-157.829023993689
10996703.2144363,13.4788321936317,205.652374545233,3917.65435695682,0.526666666666667,0.039,0.341,0,-8.83229233544456
10936971.8073477,13608.5785356902,20869.7164131983,29389.8977033819,1.97,0.083,0.204,0,1457.32114534915
1837145.23466808,160668.309952828,435211.353226165,8567815.10215295,3.01,0.072,0.134,0,6718.89525295349
10961396.4537818,327.148329798171,3386.17102527798,35730.2268630905,0.947916666666667,0.044,0.423,0,-125.278779198294
10979370.9458023,4569.13271481315,8271.09492069608,8628.82656214892,2.264,0.069,0.229,0,419.111600630339
10998212.6993919,62.5748843727126,636.298431162229,1928.42729251551,0.868,0.039,0.341,0,-23.3161484209546
10925356.6591553,175.949665148742,6600.94809608373,68706.443083373,0.5,0.025,0.478,0,-332.882662449197
10975826.2567645,689.84881793466,2719.88256099492,21604.0118565742,1.0625,0.036,0.142,0,-18.4570442673162
10981810.0213696,121.626413160565,2880.08898227926,16028.2632350498,0.5,0.016,0.197,0,-136.608318966322
10983769.1734574,290.847449057134,3940.56926071593,12839.4098328413,0.854166666666667,0.016,0.197,0,-162.991352603066
10068621.9203639,3497.14275793931,15394.1959058073,913326.74097234,0.5,0.083,0.204,0,-182.739669151218
10986409.209799,386.272448102527,3698.55149787447,10345.9662550447,1.27083333333333,0.016,0.197,0,-131.191097313889
10996260.1735804,1.80899276208234,36.9594039960135,4541.05802281156,0.4,0.039,0.341,0,-1.70514188289255
10997143.8208253,813.160127020475,1618.84381481786,1264.17523291174,2.418,0.036,0.142,0,66.4491322368428
10897173.1153746,3157.88207368305,19138.8487823223,81370.153769298,0.5,0.0555555555555556,0.192307692307692,0,-455.988257097818
1651729.50437533,87768.4204142509,282265.028744682,8979077.04646577,2.8,0.072,0.134,0,1198.06258223793
10976931.7703731,5733.46116621212,8159.59028495461,10015.1781756775,2.208,0.083,0.204,0,649.221492897898
10525502.9504205,9712.70685746835,45504.0833534211,420120.259368521,0.666666666666667,0.0555555555555556,0.192307692307692,0,-660.156400426981
10793056.561918,2424.53229635352,6878.45221811334,198480.4535675,0.875,0.083,0.204,0,83.9850243928139
10996721.1147191,14.9936680455348,219.389551523424,3884.50206135022,0.553333333333333,0.039,0.341,0,-9.30595939954935
10994608.4939548,109.197536094563,2528.54038218388,3593.76812689812,0.5,0.016,0.197,0,-119.468775896025
10983990.0623161,304.616473243803,3958.7409758029,12586.5802349248,0.895833333333333,0.016,0.197,0,-161.354880394446
10996837.6679015,20.2564189729982,297.372963973746,3684.70271557318,0.574,0.039,0.341,0,-12.6245325733073
10744900.6597747,6187.42830623749,11604.7561553626,238147.155763709,1.54166666666667,0.083,0.204,0,545.191603202874
7421588.67188651,485228.923818525,881820.939553813,2212201.46474116,1.34,0.072,0.134,0,44319.4048368577
10996378.5435202,15.239360477332,81.3067764618082,4364.9103428075,1.615,0.039,0.341,0,-1.58708090484403
10958562.8138709,2475.86265156396,6711.02247541346,33090.3010021119,1.58333333333333,0.036,0.142,0,103.2888746284
10996538.0734187,4.55029257641407,54.5753022930427,4242.80098640783,0.722222222222222,0.039,0.341,0,-2.15855569757674
6156834.99285687,149212.284528553,269487.437012665,4425305.28560195,2.26,0.072,0.134,0,13724.493258438
10998967.1817345,96.8107686257655,772.834923479698,1003.17257343715,1.036,0.039,0.341,0,-24.3183574787787
10993161.2189595,145.639150842388,1843.20892730495,5689.9329624231,1.02083333333333,0.016,0.197,0,-74.3868666286666
4060227.53233447,326415.91144175,548512.853888104,6065683.70233572,3.14,0.072,0.134,0,32299.187295949
7600877.7581853,505217.517517881,872154.992905391,2022589.73139143,1.43,0.072,0.134,0,48702.9269363152
10992778.0732992,1143.87100257977,4237.61079476266,2680.44490351325,2.975,0.029,0.277,0,-16.1842353646336
10981833.1107989,122.592316774897,2902.29248104984,15982.0044033124,0.5,0.016,0.197,0,-137.660564280868
10888965.8075521,2851.86566695869,22631.0824708887,86391.2443100512,1.22916666666667,0.044,0.423,0,-708.796672819381
1792827.31416673,143817.855415157,405568.804270092,8658626.02614804,2.905,0.072,0.134,0,5124.46277234023
10999614.1557712,240.863422973483,554.585171391014,430.395634421212,2.96,0.016,0.197,0,15.5137128396826
10839688.825084,54926.7262531658,52898.3168258398,53326.1318370097,2.9,0.072,0.134,0,7624.68627574509
10996255.9510302,1.51283815379523,30.9173346941342,4551.61879689734,0.4,0.039,0.341,0,-1.42458828381409
1492139.92443994,28516.6223105295,101887.326184853,9378296.12706475,2.8,0.072,0.134,0,-176.784817540442
10980923.95505,148.595807093002,4621.34508849943,15146.1040543414,0.625,0.025,0.478,0,-228.179364350071
10853448.6680881,3425.54776246087,9544.51645714614,134421.267692187,1.38541666666667,0.0555555555555556,0.192307692307692,0,128.514865643143
10866051.5442294,2469.12996517952,7875.33365654378,124443.992148786,1.16666666666667,0.0555555555555556,0.192307692307692,0,37.2930492124364
10923124.6702965,1764.83330105252,9605.11569856971,66345.3807039272,0.614583333333333,0.036,0.142,0,-194.225563747411
10786249.07495,14626.6694760108,62816.5860402665,137147.669533738,2.59,0.029,0.277,0,-676.380191794426
10974731.7250732,758.557048796772,2761.52593245222,22588.1919455689,1.16666666666667,0.036,0.142,0,-7.5361945629395
10982631.4950521,190.493718304828,3597.70111769758,14420.3101119404,0.583333333333333,0.016,0.197,0,-163.239009381243
10981061.3656099,4829.81535044184,6790.52923160299,8158.28980802231,2.25,0.083,0.204,0,551.575293162331
10731201.3926954,7241.99087925621,17430.6378057759,244965.978619485,1.60416666666667,0.069,0.229,0,424.354321063315
10782339.7982997,2691.89059661631,8616.63801282832,207191.67309071,1.10416666666667,0.069,0.229,0,38.9438639736906
10874245.7188167,2110.83183180886,7766.98384072318,116716.465510685,0.979166666666667,0.0555555555555556,0.192307692307692,0,-25.5546420497255
10607948.600151,20386.1391479283,49998.7495520697,322506.51114885,1.52083333333333,0.069,0.229,0,1142.73781342588
10981416.1285569,141.633340020066,4974.52919448655,14307.7089085521,0.552083333333333,0.025,0.478,0,-249.167095088876
10799074.3331929,2431.86485863432,10118.5909282429,189215.21102018,0.802083333333333,0.069,0.229,0,-94.4538105590925
10996546.2526971,919.163786646153,1860.22108454752,1514.36243174762,2.362,0.036,0.142,0,73.4255985489133
6867524.83726293,353186.393126806,821027.089203485,2959101.6804068,0.86,0.072,0.134,0,22307.2607194496
1708815.82286395,109684.172224128,336756.996581386,8845583.00833057,2.8,0.072,0.134,0,2384.04866333291
10995718.5986012,341.933974722774,2965.18907066869,1814.27835333756,2.32,0.025,0.478,0,-98.9553930205084
6201607.95892354,487808.072056009,2424171.6133294,1887252.35569104,3.50666666666667,0.029,0.277,0,-40872.8863492656
10887981.9769887,6124.18429720895,48202.2572891106,58531.5814249685,1.16,0.029,0.277,0,-1495.131008245
10996533.4824265,4.50833735956128,52.9211741645043,4249.08806200332,0.738888888888889,0.039,0.341,0,-2.07329716341529
10911208.5452339,2537.35794827741,17657.1009987885,69436.9958190795,1.42708333333333,0.044,0.423,0,-492.996259706237
2544583.07805825,232096.425128824,3060841.38687643,5163319.10993647,2.8,0.029,0.277,0,-125412.306442837
10973583.5168354,3338.61295335121,14162.6159247184,9755.25428659052,2.5,0.029,0.277,0,-145.082488515901
10994732.5249147,119.843561005051,2642.06451323363,3345.56701111821,0.5,0.016,0.197,0,-123.743574486531
10530707.29686,47565.2211850517,189900.22725369,232667.254701262,2.88,0.029,0.277,0,-1398.93974376688
10861196.3087221,2558.29258685998,37867.465064696,99217.933626341,0.82,0.029,0.277,0,-1616.81841170608
3344706.25555056,355080.285981074,609438.163511527,6691615.29495687,3.665,0.072,0.134,0,34426.0113064331
10747849.6732471,14241.2742127851,36788.6984001485,201960.354139827,1.46875,0.0555555555555556,0.192307692307692,0,694.92117477782
10861200.4199351,2787.57322622597,8361.59385651534,128490.412982062,1.26041666666667,0.0555555555555556,0.192307692307692,0,71.4671807391211
10921451.4061859,1410.05248122063,8668.74149427277,69309.799838687,0.520833333333333,0.036,0.142,0,-210.435996136026
10862172.038842,15470.2286542961,45312.3447077644,77885.3877958866,1.0,0.069,0.229,0,457.696522599717
10808108.0837054,2694.24968561895,13696.196678174,176341.469930738,0.635416666666667,0.069,0.229,0,-242.637258336352
10490828.4545464,3215.1173030077,20263.8110674413,486532.6170831,0.5,0.0555555555555556,0.192307692307692,0,-507.461470830999
10981655.2893171,784.736039017364,5252.95910076443,13147.0155431874,0.5,0.036,0.142,0,-140.919798399448
10996702.1504613,891.840902367228,1797.47995986677,1448.52867650844,2.376,0.036,0.142,0,71.6448959032104
10928447.4289281,258.90917929607,9650.58639079304,62483.0755016616,0.5,0.025,0.478,0,-486.331420907562
8426422.06441171,517150.737507924,741324.653324469,1315942.5447559,1.79,0.072,0.134,0,58268.4781167591
1893746.48835844,150340.180669945,2632807.56710623,6323945.76386539,2.8,0.029,0.277,0,-117353.796998915
10993347.5361505,449.110813627359,4165.80701946789,2877.54601644393,2.152,0.025,0.478,0,-145.042989353807
10996638.6308651,6.91424833630299,137.053064591898,4057.40182196788,0.411111111111111,0.039,0.341,0,-6.28563576247863
10952830.5949253,621.272515748301,4450.92722348469,42937.2053354078,1.41666666666667,0.044,0.423,0,-127.753282891091
10972845.2778152,333.048462550278,4626.33201782285,23035.3417044098,1.42708333333333,0.025,0.478,0,-192.949266431958
10075685.840849,5061.40252082147,22196.4912315194,897896.265398633,0.5,0.083,0.204,0,-259.773293648257
10996629.9917053,6.46434555934609,125.66533949906,4077.87860967466,0.433333333333333,0.039,0.341,0,-5.73863248362336
4195880.46907571,320818.94908434,535544.876561071,5948595.70527893,3.035,0.072,0.134,0,31944.113132391
10664330.977241,30061.1900346165,122812.633723768,183635.199000554,2.77,0.029,0.277,0,-1033.9580986665
10994327.0093811,1605.22740348677,2795.28793304656,2112.47528230801,2.516,0.0555555555555556,0.192307692307692,0,153.422654892081
10983823.3105191,294.353331299452,3946.01983412154,12776.3163154769,0.864583333333333,0.016,0.197,0,-162.617262248957
10961917.1371038,13988.5049936746,12773.6892727825,12160.6686297687,3.15,0.072,0.134,0,1977.64111078469
10870233.7320655,2703.55235095792,45556.7652418093,82345.9503417809,0.5,0.029,0.277,0,-2008.63822766097
10993528.9594515,128.923957754664,1878.35917044423,5303.75742042004,0.885416666666667,0.016,0.197,0,-79.5594357361601
10987867.9309245,391.118796146205,3302.68669580379,9278.26358361599,1.46875,0.016,0.197,0,-108.264636895159
2922488.85671253,275046.148666235,3184011.93727356,4619293.05734766,2.8,0.029,0.277,0,-124001.974535204
10997417.3447313,763.46450233161,1507.52833620998,1151.6624302183,2.446,0.036,0.142,0,63.0671352130507
10751368.5320332,5020.73461374753,12897.9564819077,231552.776871011,1.46875,0.069,0.229,0,248.88481026359
10998820.8649658,86.491512524998,777.965400950699,1154.67812077419,0.896,0.039,0.341,0,-26.5876953342526
10998868.6063435,683.964194859498,625.585655487885,661.843806187959,3.09,0.072,0.134,0,96.6261863259657
10998932.5167816,203.813667761039,850.739495156393,852.930055517529,2.586,0.044,0.423,0,-8.02824689716589
10682767.4817299,15321.8763310035,26529.0653034101,276221.576635609,1.6875,0.083,0.204,0,1472.72069062673
10996278.8620571,3.38420431112629,62.2997947461722,4495.4539437799,0.436666666666667,0.039,0.341,0,-2.81171346498342
10996252.4188091,1.26548056674757,25.8626779947834,4560.45303227911,0.4,0.039,0.341,0,-1.19175414820595
10950588.7428516,803.502708271277,11852.8646940914,37594.8897459386,1.30208333333333,0.025,0.478,0,-503.939632525712
10881419.1733419,2018.37302159343,8899.17796403008,108503.275672477,0.791666666666667,0.0555555555555556,0.192307692307692,0,-106.26234405474
10979121.063543,175.825954313327,3961.65869843284,17581.4518042211,0.864583333333333,0.025,0.478,0,-186.274504157842
10877062.3157236,4722.94186112125,49163.9848050847,69890.7576102136,0.74,0.029,0.277,0,-1829.5640556753
10832086.8462999,5842.89451204268,33459.6917788948,129450.567409058,0.5,0.069,0.229,0,-735.261195216761
10996327.293793,10.8862845021554,94.7535206693622,4407.06640181639,0.86,0.039,0.341,0,-3.17068733292924
10967083.5065663,554.13988168215,6500.10112952432,26702.2524224515,1.70833333333333,0.025,0.478,0,-254.558124263017
10781706.7707224,2644.49187582078,6291.83451138142,210196.902890328,1.10416666666667,0.083,0.204,0,159.170919797096
2710197.47659624,332544.949551977,633907.138335011,7324190.43551681,3.61333333333333,0.072,0.134,0,28732.7367643688
10992910.7381518,157.460786131961,1845.95639965528,5925.84466252731,1.10416666666667,0.016,0.197,0,-72.2689670064523
10996908.5529993,23.0234735600268,349.508983075503,3558.91454412744,0.554,0.039,0.341,0,-14.990095734199
10976253.9336972,4989.86052211568,9635.52782955522,9960.67795111995,2.166,0.0555555555555556,0.192307692307692,0,424.235744439325
10065012.618729,2703.55270644598,11908.7254297646,921215.10313478,0.5,0.083,0.204,0,-141.560013177478
10115184.5093094,4512.03687110296,27920.6308398098,853222.822979439,0.5,0.069,0.229,0,-683.344614606832
10999500.8299136,140.329035960692,560.751511824647,638.089538670785,2.72,0.044,0.423,0,-4.18008135475755
10999443.2584571,499.9002209888,422.058853503083,474.782468367313,3.0525,0.072,0.134,0,70.2129568658645
10933879.2965121,2910.34299343316,11212.0535741384,52838.3069203517,0.979166666666667,0.036,0.142,0,-63.2060038699834
10828661.477144,6173.70838259553,15096.8585901552,150907.955883195,1.64583333333333,0.0555555555555556,0.192307692307692,0,348.47927522524
10063330.5412246,2334.00420262183,10283.0958607022,924892.358712073,0.5,0.083,0.204,0,-122.314710881943
1579811.24991332,108619.789669338,2276348.34269944,7036060.61771791,2.8,0.029,0.277,0,-105580.081239511
10998357.4125507,587.07776781868,1120.09063308978,775.419048406441,2.558,0.036,0.142,0,50.6795162548152
10996254.106152,1.38363540797565,28.2772969899697,4556.23291558749,0.4,0.039,0.341,0,-1.3056494356442
10257417.15411,23942.1725806838,86967.8221623822,632512.851146705,0.916666666666667,0.069,0.229,0,-227.314548714415
10996769.1132586,17.7262430711552,251.165277616777,3801.99522072679,0.596,0.039,0.341,0,-10.545105212782
10974063.9254819,9694.06659232348,8753.38433296751,8328.62359284904,3.2125,0.072,0.134,0,1379.17724412858
10995373.8848799,322.674609630731,2724.95465462938,2418.48585586373,1.25714285714286,0.016,0.197,0,-89.3468294498912
10919477.7183882,1020.9092933592,7068.03442912625,73273.3378893651,0.5,0.036,0.142,0,-196.344331036025
10978039.9710215,195.220715745491,3854.50940320477,18750.2988594576,0.989583333333333,0.025,0.478,0,-176.60420278564
10998624.8234878,223.164887282793,1192.36385608295,799.647768832144,2.488,0.016,0.197,0,-23.3158368958978
11000007.5749443,106.724941329436,268.064989057796,457.63512533607,2.92,0.044,0.423,0,5.59296753266949
8937547.35240663,279070.375430457,1022296.13799518,761926.134167742,3.66,0.029,0.277,0,-3128.17480436424
10595529.8688198,16256.5539119539,56962.9019188622,332090.675349214,0.979166666666667,0.0555555555555556,0.192307692307692,0,-38.3809246359675
10080412.5928981,110385.276836914,418703.412634959,391338.717630104,3.245,0.029,0.277,0,-2044.80366775852
5241547.61065226,257828.004694933,399379.811807195,5102084.57284567,2.76,0.072,0.134,0,27394.7281866822
10998671.9180134,219.691035902469,1167.62268953771,780.768261153104,2.502,0.016,0.197,0,-22.6173138618326
10974615.3194963,766.674143720685,2770.24505282595,22687.7613071243,1.17708333333333,0.036,0.142,0,-6.46088328286155
10998222.0291881,251.815378710914,1400.74624850798,965.409184654452,2.376,0.016,0.197,0,-29.390179209934
10922325.7073434,1606.37951717689,9207.62208774395,67700.2910517038,0.572916666666667,0.036,0.142,0,-202.619266327461
10822130.495308,534.208456868257,9916.84015984708,168258.456075313,0.5,0.044,0.423,0,-448.215485898568
10828770.3532753,7249.01563133052,29371.3753417427,135449.255751507,0.5,0.083,0.204,0,-237.625030301861
10996261.9617266,1.93519521572164,39.5172823056835,4536.58579587034,0.4,0.039,0.341,0,-1.82235338683003
10827477.655322,831.971004114223,15140.1518050118,157390.221868904,0.5,0.044,0.423,0,-681.140560662879
9836225.48113873,318244.272992327,368270.068772531,478100.177096436,2.28,0.072,0.134,0,40742.007641339
10996730.8451698,15.7467859587677,226.287220745167,3867.12082357286,0.566666666666667,0.039,0.341,0,-9.54130475509178
10975676.0207605,249.027154820193,4020.61196011697,20894.3401244281,1.21875,0.025,0.478,0,-175.479633554643
10854748.424025,2420.75859782018,24933.9066658297,118736.910711428,0.916666666666667,0.044,0.423,0,-919.667793204409
10943171.446385,9940.87922434946,21214.2163703546,26513.4580202635,1.83571428571429,0.0555555555555556,0.192307692307692,0,733.115324187846
10996853.6605927,865.064578528084,1736.35029208777,1384.92453673499,2.39,0.036,0.142,0,69.9038494540005
10641428.9312552,20343.8823068529,36720.4813940388,302346.705043845,1.58333333333333,0.083,0.204,0,1872.12052825067
10711193.8093171,11081.6296766184,19312.5938762488,259251.967130013,1.71875,0.083,0.204,0,1058.08948335006
10955347.3940179,8272.55845068926,17071.8746517596,20148.1728796257,1.97,0.0555555555555556,0.192307692307692,0,642.417764743097
10796492.8167689,2488.22680825649,7557.47602075372,194301.480402041,0.802083333333333,0.083,0.204,0,58.5785596982335
10881031.7730024,2017.69986332241,8795.75164069895,108994.775493566,0.802083333333333,0.0555555555555556,0.192307692307692,0,-100.650670425506
10957399.9013969,9750.92234861433,14481.8002386082,19207.3760158944,2.068,0.083,0.204,0,1070.65793615156
10707254.56158,16381.1201327747,45480.1316521618,231724.186634947,1.33333333333333,0.0555555555555556,0.192307692307692,0,623.562881413377
9781375.3609969,329683.813839945,384580.190382167,505200.63478102,2.26,0.072,0.134,0,42034.8365751532
10945658.9659547,782.942908786251,12787.445325514,41610.645810904,1.16666666666667,0.025,0.478,0,-559.869344008325
10963019.2737046,306.462705284807,3624.80494665648,33889.4586434182,0.822916666666667,0.044,0.423,0,-142.459305015767
10829990.0082799,7537.23487356856,30341.432306272,132971.324540163,0.5,0.083,0.204,0,-236.145110346434
2182974.56306973,187747.028462994,2864588.20614786,5765530.20231941,2.8,0.029,0.277,0,-123041.996097441
10983244.3802102,180.971418088004,6736.5803602433,10678.0680114743,0.5,0.025,0.478,0,-339.471027111743
10267049.5270939,82698.1945074375,323934.443870307,327157.834528451,3.035,0.029,0.277,0,-2091.95239822665
10960678.7811341,7484.36622527758,15217.4318923342,17459.4207483114,2.012,0.0555555555555556,0.192307692307692,0,593.832512170064
10503022.8708804,5243.76630559459,31600.3890743771,460972.973739494,0.5,0.0555555555555556,0.192307692307692,0,-747.080163669422
10996864.9559336,21.3045048573527,316.93151898758,3636.80804259797,0.566,0.039,0.341,0,-13.5111582884456
10997304.1069082,62.2699745737065,612.721611027022,2860.90150623381,0.8,0.039,0.341,0,-22.0669104493226
10838196.7093024,7079.50134256676,38519.8204881898,117043.968866793,0.5,0.069,0.229,0,-778.540174626061
10099967.7062078,2013.73145988007,12512.5363087185,886346.026023409,0.5,0.069,0.229,0,-307.814830437542
10764807.7965102,13021.4378305374,32617.6524271857,190393.113231971,1.53125,0.0555555555555556,0.192307692307692,0,692.023164102792
10826447.9877691,6723.1390207091,27500.5754149942,140168.29779514,0.5,0.083,0.204,0,-235.038834574469
10977284.8812243,621.079466538347,2815.76411239466,20118.2751968335,0.90625,0.036,0.142,0,-37.0053450314744
1574036.45416087,58856.8068468729,199578.185647038,9168368.55334526,2.8,0.072,0.134,0,231.989535709782
10930578.562271,381.974434095025,11341.3480339059,58538.1152608346,0.614583333333333,0.025,0.478,0,-556.625736320649
10956391.2649045,466.333495304421,3711.81076837534,40270.5908317624,1.26041666666667,0.044,0.423,0,-116.523339780266
10995698.3659548,1063.86592503776,2198.72760036374,1879.04051977313,2.292,0.036,0.142,0,82.4327733299168
10944238.0719097,1115.96578779463,6962.21300533916,48523.749297149,1.65625,0.044,0.423,0,-172.134395963112
10102780.2245713,12144.2045413526,45310.4275669152,840605.143320386,0.572916666666667,0.083,0.204,0,-181.896239260654
3063817.71542817,290293.700202033,3212981.02330006,4433747.56106972,2.8,0.029,0.277,0,-122674.082286981
6612385.85734058,153812.775778446,566020.046072026,3668621.32080897,0.5,0.072,0.134,0,-1866.55573359221
10827749.4963975,8732.62529418181,43924.590710844,120433.287597456,2.34,0.029,0.277,0,-765.319861361652
10984946.1161002,2034.19751988392,6120.82214947954,7738.86423046808,1.12857142857143,0.036,0.142,0,51.1554130401475
5881348.49250742,193401.035286329,298587.608876717,4627502.86332958,2.57,0.072,0.134,0,20602.5067685817
10948697.1563225,5375.26022953498,26109.5816350085,20658.0018130622,2.12,0.029,0.277,0,-417.041234440139
3198993.15230372,357429.158882252,619999.640658051,6824418.04815601,3.68666666666667,0.072,0.134,0,34290.1591334878
10974365.9693651,285.461233440702,4261.35465103532,21927.2147503348,1.32291666666667,0.025,0.478,0,-181.856171243528
10996512.3965951,4.39517317674983,46.9721668861066,4276.23606481988,0.816666666666667,0.039,0.341,0,-1.76457113731685
10982144.7541123,886.322239067857,5642.52601096803,12166.3976377186,0.5,0.036,0.142,0,-143.02967811079
10996871.9934763,21.5783504956021,322.080516141123,3624.34765705539,0.564,0.039,0.341,0,-13.7435407812867
10939042.4180236,683.437523024762,13269.8547683775,47844.2896848946,0.96875,0.025,0.478,0,-605.765499683603
10965941.9056738,298.379191580835,4917.31214996438,29682.4029846254,0.583333333333333,0.044,0.423,0,-215.765335375673
10898810.7843418,3414.62895050823,20550.681355019,78063.9053526124,0.5,0.0555555555555556,0.192307692307692,0,-485.010209875553
10863112.409841,2642.91165400792,25188.8117307163,109895.866774345,1.0,0.044,0.423,0,-891.091982850348
10998190.184664,207.967710141254,1643.48772585953,798.359899995217,2.572,0.025,0.478,0,-51.3215728729591
10997470.1049206,298.59754112723,1776.21041045136,1295.08712785046,2.194,0.016,0.197,0,-41.2615616698557
10999748.818433,442.42176114632,274.54984796948,374.209957843805,3.0225,0.072,0.134,0,69.6864708467923
10740327.9209874,6792.54954036491,12565.850777117,241153.678695095,1.57291666666667,0.083,0.204,0,608.168469758723
10930162.6371343,2661.06268523753,11144.0042132361,56872.2959671961,0.875,0.036,0.142,0,-107.355657430845
10998906.2428525,92.9990169155737,777.118308519448,1063.63982211183,0.98,0.039,0.341,0,-25.287903466839
9776156.33438383,157672.656151006,575745.865257153,491265.144208031,3.49,0.029,0.277,0,-1664.70027399986
10936197.8846768,1636.07548863032,9763.07366307381,53242.9661714327,1.70833333333333,0.044,0.423,0,-227.688388190138
10486081.5234841,2498.21311909198,15769.9871439411,496490.276252814,0.5,0.0555555555555556,0.192307692307692,0,-395.619182432647
10998147.7101911,63.2269901176828,626.763766498428,2002.29905222815,0.892,0.039,0.341,0,-22.6598306262683
10741917.6892794,14622.1218660613,38175.1087366402,206125.080117813,1.44791666666667,0.0555555555555556,0.192307692307692,0,691.061344280072
3452596.35280447,331384.660817664,3252473.09298908,3964385.89338877,2.8,0.029,0.277,0,-116961.24038139
5996438.10156169,177932.789218807,282564.73757265,4543904.3716469,2.53,0.072,0.134,0,18521.6745101008
10964050.2765349,299.697301120997,3925.68150190038,32564.3446620729,0.739583333333333,0.044,0.423,0,-160.48546052985
10993191.1575024,144.254856644639,1844.15319178307,5660.43444921961,1.01041666666667,0.016,0.197,0,-74.7123342969778
10989234.1822638,1060.73164046579,5367.87630758443,5177.20978812251,2.054,0.044,0.423,0,-94.2554295346202
5383507.06488689,488151.888762097,2787588.11335933,2341592.93299168,3.325,0.029,0.277,0,-60989.4173240256
10998032.4237131,648.972491473819,1255.03417522231,903.569620191641,2.516,0.036,0.142,0,55.0656734203585
7996696.2472899,525673.21005416,823493.244015611,1654977.29864033,1.61,0.072,0.134,0,55340.476952745
10993334.3729878,736.713783203056,3528.2354397746,3240.67778920927,2.194,0.044,0.423,0,-54.3316340525255
10545572.6184801,45601.5027548829,182396.132672705,227269.746092308,2.87,0.029,0.277,0,-1364.00774558326
10958533.0108241,753.142869539728,9626.31388806454,31927.532418183,1.52083333333333,0.025,0.478,0,-389.959446721266
10697341.6300357,16737.653908466,47303.2201228382,239457.495932871,1.30208333333333,0.0555555555555556,0.192307692307692,0,590.822010386603
10987945.4411208,390.610128173357,3278.33371673817,9225.61503439274,1.47916666666667,0.016,0.197,0,-107.011282474416
10926068.168872,2227.70271203692,10569.9847604597,61974.1436555474,0.739583333333333,0.036,0.142,0,-158.826306986712
10989323.7754255,2614.78450199985,4736.6797797483,4164.76029272153,2.376,0.0555555555555556,0.192307692307692,0,239.71521601009
10646043.2400243,19826.9661469115,35625.3396890577,299344.454139662,1.59375,0.083,0.204,0,1833.7270411655
10515197.952365,49616.9137780966,197737.949708551,238287.184148338,2.89,0.029,0.277,0,-1445.623911002
10975574.6593874,3142.47292870874,13159.7169794814,8963.15070443724,2.54,0.029,0.277,0,-123.304451948392
10998718.2897571,216.259672845134,1143.16825678885,762.282313232354,2.516,0.016,0.197,0,-21.9230220003589
1534049.69565524,44060.8705286451,153262.330362922,9269467.10345326,2.8,0.072,0.134,0,-45.3515547785288
10978684.9820764,580.594251435075,3164.45219090412,18409.9714812983,0.739583333333333,0.036,0.142,0,-64.1396342539984
6637810.89942807,171976.613794814,606866.791615115,3584185.69516202,0.5,0.072,0.134,0,-642.131278769138
10999022.720996,194.4385262403,979.305991509244,643.534486267662,2.62,0.016,0.197,0,-17.0057405372323
10868492.048629,2336.96246673674,7732.7642108919,122278.22469335,1.11458333333333,0.0555555555555556,0.192307692307692,0,19.7953114221238
10926416.0652174,203.851948441326,7646.98732670232,66573.0955073713,0.5,0.025,0.478,0,-385.64894530028
10996530.4406957,4.48388068721038,51.8997548032593,4253.17566881375,0.75,0.039,0.341,0,-2.02110965761985
10916867.4706358,675.148652459549,4764.0200900938,78533.360621706,0.5,0.036,0.142,0,-134.826758978011
10301193.9944432,26396.874541593,89612.3666868737,583636.764328162,1.0,0.069,0.229,0,97.8004625997616
10998445.6873501,61.3355290632631,687.562225233112,1645.41489560443,0.78,0.039,0.341,0,-26.4024285842412
10993878.1681843,113.110430854133,1975.36275902247,4873.35862589993,0.739583333333333,0.016,0.197,0,-87.9870065238603
10969577.518842,451.561134138708,5617.79516053391,25193.1248632469,1.60416666666667,0.025,0.478,0,-225.297165235933
7412697.44847563,427194.967359617,1828786.59684216,1332160.98732259,3.56666666666667,0.029,0.277,0,-19447.5295108849
9082035.23380894,451403.915875923,581303.112028284,886097.738286887,2.04,0.072,0.134,0,54515.5369249492
10992943.1606832,155.904320718642,1844.61452082301,5896.32047536537,1.09375,0.016,0.197,0,-72.4968482755397
10822347.4164204,545.673855689596,10129.4556371758,167817.454086792,0.5,0.044,0.423,0,-457.805600450254
10914617.4058201,6723.3250015188,40466.5499572106,39032.7192212424,1.61,0.029,0.277,0,-954.43593969807
10925854.9367805,26414.5235828779,24669.5018424904,23901.0377941139,3.0375,0.072,0.134,0,3710.53770330334
10955560.090505,783.648186217036,10549.9663483689,33946.2949603662,1.4375,0.025,0.478,0,-435.415951583546
10996308.8993404,7.45120998546891,91.0577601297209,4432.59168944017,0.58,0.039,0.341,0,-3.62824709299937
10988944.8281356,377.03020098125,2939.83806167359,8578.30360184059,1.61458333333333,0.016,0.197,0,-90.820174802436
10790754.4169608,2445.07102089998,8772.32714523035,198868.184872933,0.958333333333333,0.069,0.229,0,-17.1974670433584
10926126.61769,15542.207015285,24180.0366016693,34991.1386930232,1.928,0.083,0.204,0,1645.53186008573
10969252.3492053,3746.44410058521,16319.915447453,11521.2912466976,2.42,0.029,0.277,0,-188.825134188693
10823262.66221,594.060030218502,11026.4268090478,165956.85095076,0.5,0.044,0.423,0,-498.295387308967
10991752.5203215,219.143091534397,2024.62557425274,6843.71101275688,1.41666666666667,0.016,0.197,0,-70.3364974193334
10973230.9521217,874.157055101829,2923.33415622211,23811.5566669547,1.29166666666667,0.036,0.142,0,5.69881376805322
10975072.8247108,735.647955854275,2740.37053582493,22291.1567975717,1.13541666666667,0.036,0.142,0,-10.7703423420442
3539639.77460569,348890.143099878,594019.607121315,6518290.47517315,3.525,0.072,0.134,0,34094.4616433202
10917789.7212459,792.58690537116,5582.94184201232,76674.7500067935,0.5,0.036,0.142,0,-157.741666969217
10093992.6902667,9774.75613500674,38983.6314225263,858088.922175705,0.520833333333333,0.083,0.204,0,-286.059775348231
10999528.8962963,198.203259169414,653.39459566203,459.505848902003,2.9,0.016,0.197,0,1.81870340089877
10095579.6161397,10227.919548172,40230.8672201181,854801.597091974,0.53125,0.083,0.204,0,-268.208250520867
10969119.0874468,469.709972911558,5773.33924200008,25477.8633382844,1.625,0.025,0.478,0,-230.386485942945
10975293.8533084,721.515754249031,2730.40218394637,22094.2287534,1.11458333333333,0.036,0.142,0,-12.9447790951161
10996831.0539807,20.005763173356,292.730827287979,3696.20942890435,0.576,0.039,0.341,0,-12.4134958329415
10994839.9646707,138.401772293856,2731.06437110061,3130.56918597383,0.5,0.016,0.197,0,-125.115283039145
8245186.83454229,355897.503727027,1393839.96224633,1005915.69948437,3.61333333333333,0.029,0.277,0,-8999.60164898074
10950279.9786334,5266.30800802011,25382.3221842229,19911.391174413,2.14,0.029,0.277,0,-404.235429452055
10949426.9083549,11292.8999337604,16999.9141577952,23120.2775534931,2.026,0.083,0.204,0,1227.21602073132
10996828.1518264,1018.4980761203,1663.14111703853,1330.20898037786,2.62,0.069,0.229,0,103.510677620688
10996272.1331398,2.7775725055384,53.8066328779864,4511.2826548172,0.413333333333333,0.039,0.341,0,-2.45674264158992
11000189.8233772,136.684006167296,342.27359454645,171.219022077239,2.016,0.039,0.341,0,7.26924326632136
10936919.8868484,1598.14521341163,9502.83492590162,52819.1330122289,1.71875,0.044,0.423,0,-220.615053502668
10758459.5782771,4343.26322791605,11528.0283382045,226509.1301567,1.40625,0.069,0.229,0,194.825526873917
1477121.53566927,22933.2729133135,82744.621149968,9418040.57026753,2.8,0.072,0.134,0,-190.026192018222
10941446.2238223,3114.54418523168,10540.7047992318,45738.5271932904,1.16666666666667,0.036,0.142,0,13.350514562797
10996580.8015766,444.939113702895,2004.40155279713,1809.85775685291,2.362,0.044,0.423,0,-25.7784019720878
10430374.0783849,34498.6380625275,74607.4380537229,461359.845498809,1.22916666666667,0.083,0.204,0,2489.4408306458
10997532.1024119,295.077381639969,1745.9097618296,1266.91044469306,2.208,0.016,0.197,0,-40.2516424373602
10694007.516117,16842.76779147,47887.9637922367,242101.752299181,1.29166666666667,0.0555555555555556,0.192307692307692,0,578.499173473372
10993038.4807416,151.3752611851,1842.29918952057,5807.8448077509,1.0625,0.016,0.197,0,-73.2488145990183
10937134.4495078,3042.41761889428,11032.949360404,49630.1835129188,1.0625,0.036,0.142,0,-27.8622921416842
10110350.8741113,3713.55741759567,23036.524795666,863739.043675265,0.5,0.069,0.229,0,-565.692033122665
10996607.6996876,5.81823572025312,100.411635785742,4126.07044086795,0.494444444444444,0.039,0.341,0,-4.45979290121178
10998876.9491864,90.9298398280925,778.150976425828,1093.96999733684,0.952,0.039,0.341,0,-25.7437791079172
10965622.0151625,616.760008690244,7052.78047096689,27548.4443578112,1.73958333333333,0.025,0.478,0,-273.230762969674
10803669.9876993,2833.54318817723,10109.9307489264,184226.538363524,0.65625,0.083,0.204,0,-16.8144603750862
10987701.9310698,617.232239477782,6789.15130418411,5731.68538656347,1.70714285714286,0.025,0.478,0,-258.468215910973
10654071.5373463,16392.2430547146,38257.80690261,292118.41269621,1.625,0.069,0.229,0,1026.90081272381
10992000.2649944,2303.45996242493,3092.80836893024,3443.46667419975,2.418,0.083,0.204,0,271.212082807158
1148055.07457389,52036.1207829918,1510450.56831025,8290298.23633289,2.8,0.029,0.277,0,-73901.9348450665
10953632.4840174,583.130432330332,4261.97367047858,42362.4118797365,1.38541666666667,0.044,0.423,0,-124.65691901367
10252334.1714443,23583.2960695132,86427.2918053682,638495.240680587,0.90625,0.069,0.229,0,-266.31972507568
10996725.9133399,15.3725782532413,222.835390143345,3875.87869176376,0.56,0.039,0.341,0,-9.42283428219122
10542018.3627828,11988.1825371422,50855.8512990534,395977.603380929,0.760416666666667,0.0555555555555556,0.192307692307692,0,-519.865132861934
10988255.0064267,387.827944765252,3178.18158043026,9018.98404811112,1.52083333333333,0.016,0.197,0,-101.973028525547
10985461.2829969,366.964269194853,3876.48272262148,11135.2700113401,1.13541666666667,0.016,0.197,0,-144.796579980402
1461574.69665069,17146.858269352,62506.9898627041,9459611.45521731,2.8,0.072,0.134,0,-174.018784544439
993547.891451116,33062.4160266257,1116043.40445968,8858186.2880626,2.8,0.029,0.277,0,-55645.4656137145
11000132.2947659,111.08535338833,396.451274143772,200.168606549901,1.96,0.039,0.341,0,-0.663704189108877
10999014.2922214,515.416672947625,637.460860252985,672.830245449571,2.76,0.083,0.204,0,63.714313208321
10832550.7204649,8179.38928820024,32340.1688827688,127769.721364041,0.5,0.083,0.204,0,-223.644908855818
10924493.4333138,2000.42957721609,10134.1545371538,64211.9825717976,0.677083333333333,0.036,0.142,0,-178.303153267968
10663426.5958706,17786.4409112602,31401.7277208187,288225.23549724,1.63541666666667,0.083,0.204,0,1676.10571934047
10997481.173136,74.9078842816431,615.524254951203,2668.39472480039,1.04,0.039,0.341,0,-19.7894914083188
10990442.259428,1837.75903928015,4201.72721834711,4358.25431445305,1.984,0.036,0.142,0,119.978808755281
10996541.1557846,4.58181201721173,55.7641943751729,4238.49820905198,0.711111111111111,0.039,0.341,0,-2.21562256865225
10996818.0658142,19.517478543563,283.727792067914,3718.68891518135,0.58,0.039,0.341,0,-12.0103241336812
10995755.5714811,738.726259824344,2647.66716268236,1698.03509645129,3.1,0.029,0.277,0,-6.10488655902787
1446397.77727166,11492.9629478616,42327.3019784426,9500621.95780211,2.8,0.072,0.134,0,-141.174922042165
10814919.4359379,3169.19353162839,18457.5539142093,164293.816616173,0.520833333333333,0.069,0.229,0,-415.951351865768
10989934.5755721,2495.26416704044,4501.98345631591,3908.1768045526,2.39,0.0555555555555556,0.192307692307692,0,229.715437885743
10117013.9631824,4818.36774734542,29763.7571172358,849243.91195279,0.5,0.069,0.229,0,-726.932643345429
3684433.26005896,343238.274706376,581881.596491375,6391286.86874333,3.42,0.072,0.134,0,33678.9398352575
10126854.5563278,6601.91967466996,39529.7527915655,827853.771205744,0.5,0.069,0.229,0,-926.495644675497
10999635.5776639,157.656577171729,559.344434904086,487.421323983193,3.1875,0.029,0.277,0,-2.03369684381038
10838384.0135689,4996.36971017993,12701.467410566,144758.149310241,1.5625,0.0555555555555556,0.192307692307692,0,255.276194444472
10952265.4614943,649.159393397175,4590.43673372006,43334.9423785088,1.4375,0.044,0.423,0,-130.194164620808
10776625.7870144,15820.3706993705,67469.7600529242,140924.082233303,2.61,0.029,0.277,0,-709.836818960993
10979510.2694636,571.21558295164,3553.10282380305,17205.4121297199,0.635416666666667,0.036,0.142,0,-87.5500618084661
10980541.9296736,617.078596031641,4303.25378936391,15377.7379410204,0.5,0.036,0.142,0,-120.404809557426
10998276.9613966,62.0459294100765,647.658636131037,1853.33403780079,0.844,0.039,0.341,0,-24.0485893972996
10977651.6781206,202.965285885267,3849.96135751462,19135.3952359583,1.03125,0.025,0.478,0,-174.855342346814
10996313.3467375,8.41397617208164,92.8222917991122,4425.4169945204,0.66,0.039,0.341,0,-3.53913850124977
10998653.2906574,68.4705749511223,753.663624001662,1364.57514361147,0.7,0.039,0.341,0,-28.7027611643953
10856761.1439217,2482.28488772942,25059.6788090108,116536.892381617,0.9375,0.044,0.423,0,-914.85132847928
10996669.9876709,10.3097309230915,175.230998445309,3984.47159976864,0.466666666666667,0.039,0.341,0,-7.75258815760431
10790183.7728484,2454.71178730453,8729.5455503458,199471.96981379,0.96875,0.069,0.229,0,-12.9135687934234
10917607.627034,2365.25857000091,15854.5093822192,65012.6050137975,1.48958333333333,0.044,0.423,0,-425.957955317608
10999486.5120447,376.451318607475,803.539777368835,173.496859318424,2.92,0.0555555555555556,0.192307692307692,0,27.7152677268326
10981903.4525299,125.577757276672,2969.89180909491,15841.0779038286,0.5,0.016,0.197,0,-140.849472558976
10100786.4369512,2147.62154611997,13343.3589787477,884562.582523723,0.5,0.069,0.229,0,-328.283133817824
10950063.4744538,765.010056233254,5176.61233142017,44834.9031584884,1.51041666666667,0.044,0.423,0,-140.432207547066
10937555.3947996,3054.35551306103,10996.607203154,49233.6424841656,1.07291666666667,0.036,0.142,0,-23.5585519152086
10996851.1425123,20.7711893897413,306.949589105094,3661.1367092715,0.57,0.039,0.341,0,-13.0598947475935
10835811.1411815,7324.77378820371,40956.5221237262,116747.562906531,2.1,0.029,0.277,0,-866.13587404776
10482131.3384818,53999.4576700607,214474.889607833,250234.314240362,2.91,0.029,0.277,0,-1531.65625143834
10928328.318384,255.168448878311,9533.63723848389,62722.8759285511,0.5,0.025,0.478,0,-480.591278727739
10723153.6192075,8221.02150818145,19421.7347484608,250043.624535785,1.64583333333333,0.069,0.229,0,501.982717359432
10945444.1932688,3090.25410539871,9880.14737993902,42425.4052458828,1.26041666666667,0.036,0.142,0,45.3692800076165
10996536.5389857,4.53560090803633,54.0071253725852,4244.91828801377,0.727777777777778,0.039,0.341,0,-2.12778004975141
10959129.6585178,376.902787907997,3385.76818015093,37947.6705140856,1.10416666666667,0.044,0.423,0,-115.628777705252
10137074.4926993,19234.0311943584,61804.0832266081,782727.392879757,0.708333333333333,0.083,0.204,0,265.35123646467
10941510.9206267,1297.4812685753,7878.6885031284,50152.9096015338,1.70833333333333,0.044,0.423,0,-188.214451797079
10996652.6920864,8.45030906299556,155.683974928824,4023.17362964588,0.426666666666667,0.039,0.341,0,-7.02553228545457
10779700.5408759,2812.1918271819,8741.86028689324,209585.40700992,1.14583333333333,0.069,0.229,0,55.0544792375364
10978047.935182,4817.56596433397,8758.2922622068,9216.2065914642,2.25,0.069,0.229,0,439.708088434206
10997017.7955369,322.496207815546,1993.59261262323,1506.11564272023,2.096,0.016,0.197,0,-48.746381277979
10937793.4439583,653.70160020534,13223.4636182948,49169.3908231001,0.927083333333333,0.025,0.478,0,-608.930994394204
7727791.85886657,515089.568208259,860147.105878163,1897811.46704701,1.49,0.072,0.134,0,51269.0680345757
10925692.6164201,184.797965739326,6932.68891905426,68029.8966949887,0.5,0.025,0.478,0,-349.647487651873
6837187.16017644,337257.055583549,808619.381898331,3017776.4023417,0.8,0.072,0.134,0,19933.1138178447
10068047.8027746,3370.80903017409,14840.0652429319,914581.322952261,0.5,0.083,0.204,0,-176.079589180977
3247123.18135635,357184.692826272,616634.152856788,6779897.97296062,3.69333333333333,0.072,0.134,0,34430.2816674801
10978431.1083143,586.015473860839,3076.02565220073,18746.8505596673,0.770833333333333,0.036,0.142,0,-58.1946331309864
10062577.7732073,2168.64510586864,9555.36821086283,926538.213475957,0.5,0.083,0.204,0,-113.698384620251
10485267.0491212,2375.61251856567,14998.0824252183,498199.255934892,0.5,0.0555555555555556,0.192307692307692,0,-376.339218404685
10862892.6184906,2668.60704946235,8165.0865719033,127113.687887962,1.22916666666667,0.0555555555555556,0.192307692307692,0,59.6280947099985
10997958.7957555,421.359867811201,1457.61346859919,1002.23090813869,3.25,0.029,0.277,0,4.93841492456311
10446738.529326,28041.8713316458,80515.3776763662,445544.2216658,1.23958333333333,0.069,0.229,0,919.578323081496
10756492.0859924,13644.0933477748,34700.9876894686,196002.832970282,1.5,0.0555555555555556,0.192307692307692,0,696.129884362337
9546487.54062399,375554.769176877,453089.415758803,625708.27444036,2.18,0.072,0.134,0,47051.7889528662
10219443.5210103,20827.417702162,81450.2433044032,679118.817982976,0.833333333333333,0.069,0.229,0,-519.732432429587
10823241.707886,6031.61751509378,24881.5587350831,146685.115863789,0.5,0.083,0.204,0,-222.420309411157
10485636.6149249,27060.0453619429,74780.8126614585,413362.52705154,1.30208333333333,0.069,0.229,0,1049.37362393259
10965061.7195211,297.349061635081,4372.1755394914,31108.7558777525,0.65625,0.044,0.423,0,-185.714363849935
10886410.7650235,39633.2508622581,37621.0686012011,37174.9155130179,2.9625,0.072,0.134,0,5532.18903951856
10770005.5187928,3421.02597853599,7263.38993296011,220150.065295719,1.29166666666667,0.083,0.204,0,254.212382829314
10949507.9500697,9101.99829272768,19071.9133814379,23158.1382560763,1.928,0.0555555555555556,0.192307692307692,0,690.933954015729
10945606.7836351,10376.5059394622,20302.1093226139,24554.60110282,2.026,0.069,0.229,0,867.62241059138
10369000.1421126,192296.316280885,204406.943798951,235136.597807583,2.52,0.072,0.134,0,25624.9842140806
10796682.2403305,10164.1103618348,23986.1170366134,170007.532270954,1.66666666666667,0.0555555555555556,0.192307692307692,0,622.042169189175
10812991.6165941,2986.45376007323,16910.8497972488,167951.079848433,0.552083333333333,0.069,0.229,0,-365.164547208353
10933940.9861063,1746.43072321984,10568.1278810458,54584.4552893919,1.67708333333333,0.044,0.423,0,-251.250117494111
10998528.464521,230.21237642323,1242.71714627151,838.60595633744,2.46,0.016,0.197,0,-24.7668498530964
10723391.3607503,15661.0874378587,42253.2836034266,219534.268208271,1.38541666666667,0.0555555555555556,0.192307692307692,0,664.327336416806
10502194.7040804,5079.50079987983,30857.9132921343,462707.881827486,0.5,0.0555555555555556,0.192307692307692,0,-737.491030919024
7310112.17212414,468812.700437242,882619.744232915,2339295.38320571,1.28,0.072,0.134,0,41123.5648823596
10734846.8968779,6813.83282915922,16557.611391042,242621.658901826,1.58333333333333,0.069,0.229,0,390.520382029626
8573211.2953143,507772.759107283,708314.298332706,1211541.64724572,1.85,0.072,0.134,0,58296.8538651905
10998319.4599596,61.7629204237236,656.291506165487,1802.48561376576,0.828,0.039,0.341,0,-24.5821061466409
10394193.329885,35124.9995575448,78383.9814687243,493137.689088713,1.17708333333333,0.083,0.204,0,2400.13054779882
10795777.411539,2408.11817855489,9406.57994283055,193247.890339492,0.864583333333333,0.069,0.229,0,-59.4367587333662
10988017.5371679,2867.35168082156,5236.66141734245,4718.44973389897,2.348,0.0555555555555556,0.192307692307692,0,260.470748639511
10996252.8266319,1.29403746146558,26.4462806564803,4559.43304990852,0.4,0.039,0.341,0,-1.22119762976604
10998294.2583835,201.826479750716,1585.91971160256,757.995425113874,2.586,0.025,0.478,0,-49.2891888844041
10999663.2471219,368.675153927376,512.17328535622,295.904438745871,2.92,0.069,0.229,0,42.406032372673
10933101.5278998,2867.5606264812,11224.7994333497,53646.1120403766,0.958333333333333,0.036,0.142,0,-72.1368130538882
10995155.7145973,577.70116282032,2681.64796212612,2424.93627772165,2.278,0.044,0.423,0,-37.8989418332989
10971969.4837724,10440.0909457622,9446.89193052952,8983.53335129867,3.2,0.072,0.134,0,1483.94704867246
10538000.1888987,11490.8989976713,49779.776577918,401569.135525641,0.739583333333333,0.0555555555555556,0.192307692307692,0,-555.754052547562
10997024.6528892,27.8859509184593,443.844352620927,3343.61680728737,0.526,0.039,0.341,0,-19.2953208467985
10750765.4450574,14045.4328046057,36093.2716704211,199935.850467446,1.47916666666667,0.0555555555555556,0.192307692307692,0,695.887875094478
10982996.7143392,174.123691855818,6494.96307948503,11174.1988894013,0.5,0.025,0.478,0,-327.35160761025
10933217.1588131,6277.32340403745,32986.1758204036,28359.3419625097,1.91,0.029,0.277,0,-623.543957615966
6270084.32889036,128867.925964114,273944.033881738,4327943.71126381,1.86,0.072,0.134,0,9562.57345304432
10994302.2215566,96.0152175480938,2238.47795491358,4203.28527098143,0.53125,0.016,0.197,0,-105.899843487434
10927754.1435337,239.175259909017,8967.80567487392,63878.8755314286,0.5,0.025,0.478,0,-452.242596221089
1435104.10830066,89350.0755949373,2062886.44908302,7413499.3670214,2.8,0.029,0.277,0,-97418.485049669
1552597.07622047,50925.7119997541,175067.140934703,9222250.07084513,2.8,0.072,0.134,0,67.4121373947669
10998516.5599461,630.42603968211,992.048744759083,700.96526943867,2.76,0.069,0.229,0,66.112976837755
10996383.6989856,15.2907757823638,79.2306966649266,4361.77954190813,1.68,0.039,0.341,0,-1.46083373799917
6809608.99340167,320743.426731586,794974.416808417,3075513.16305835,0.74,0.072,0.134,0,17514.6879904449
10966723.2882495,1581.79398157496,4331.79042262488,28203.1273462645,1.65625,0.036,0.142,0,63.5465982759316
10952125.7352209,801.584639953215,11484.9575674918,36427.7225715964,1.34375,0.025,0.478,0,-483.916145048624
10996716.4474017,14.6130281635506,215.948432417724,3892.99113775834,0.546666666666667,0.039,0.341,0,-9.18760590727064
1627418.91451686,78662.0127645678,257426.089251207,9037332.98346741,2.8,0.072,0.134,0,825.721458238799
10999131.5964715,104.233617018558,749.726227808508,854.443683664498,1.176,0.039,0.341,0,-21.6064371932351
10966193.6675873,299.46038691457,5105.35157083697,29241.5204549479,0.5625,0.044,0.423,0,-226.075010260501
10949360.7556737,804.175297272252,5375.96671005205,45299.1023189438,1.53125,0.044,0.423,0,-144.022866020618
10869468.9396733,45219.5937818301,43168.1092942075,42983.3572506868,2.9375,0.072,0.134,0,6297.56097887808
10148340.2529144,11244.1375285004,56299.9080594519,784955.701497469,0.604166666666667,0.069,0.229,0,-965.414151188657
1481768.23284201,24661.4785920711,88709.6783480004,9405700.610218,2.8,0.072,0.134,0,-186.77602946429
10675344.9817517,16295.0734846062,28418.8443037821,280781.100459885,1.66666666666667,0.083,0.204,0,1554.76739275253
1965095.1992694,203049.27382292,501108.195002802,8331587.33190491,3.255,0.072,0.134,0,11207.9425213131
10879865.5411182,2019.6081896327,8517.92687229568,110436.923819852,0.833333333333333,0.0555555555555556,0.192307692307692,0,-84.806519457036
10971268.5098594,5822.30585241494,11450.0557222313,12299.1285659443,2.11,0.0555555555555556,0.192307692307692,0,483.612135102754
10997887.599495,777.366704969744,1243.52954064079,931.504259371643,2.7,0.069,0.229,0,80.4261514622122
1806961.20052758,149323.119331524,415487.834125743,8629067.84601518,2.94,0.072,0.134,0,5632.8581278818
10940131.91684,3103.97083635688,10717.4333325179,46886.6789911741,1.13541666666667,0.036,0.142,0,1.50146510603991
10996513.892326,4.39879432547153,47.3113035687461,4274.39757611795,0.811111111111111,0.039,0.341,0,-1.7826025831276
10980631.5618001,152.835428186324,4455.84465665411,15599.7581150257,0.666666666666667,0.025,0.478,0,-218.107799608044
10985592.7299227,3809.81725933045,5272.55199343803,6164.90082453871,2.306,0.083,0.204,0,439.774275563389
10986559.9452241,388.09823905396,3663.79267301354,10228.1638638175,1.29166666666667,0.016,0.197,0,-128.90705875973
10680890.9373175,13618.3152747821,30871.9238793455,275458.823528246,1.69791666666667,0.069,0.229,0,903.892698142227
10985620.2186761,509.968845699394,7536.16653144432,7173.64594677952,1.19285714285714,0.025,0.478,0,-320.591933418159
10975905.872149,1406.28561638239,10556.5273069738,12971.3149276449,1.19285714285714,0.044,0.423,0,-316.043090158561
10988540.8813257,2073.29589307483,4886.94136206029,5338.88141923904,1.9,0.036,0.142,0,127.204120444719
10990336.4410232,561.56094452857,5604.29426443961,4337.70376785098,1.984,0.025,0.478,0,-203.352576989607
10923991.9610272,6580.16149489085,36844.1358922875,33423.7415856908,1.76,0.029,0.277,0,-782.293081229844
10071830.9987018,4204.74094091362,18488.7932193898,906315.467137895,0.5,0.083,0.204,0,-218.508842599005
10951027.5918678,9507.0619614518,18421.0487381984,21884.297432563,2.054,0.069,0.229,0,804.799936637359
10982885.4992669,218.513118611778,3726.03318032494,14009.9544341829,0.65625,0.016,0.197,0,-164.989247275846
10996627.2077002,615.560586352558,2178.31068396925,1418.92102946611,3.15,0.029,0.277,0,-3.38483834263452
10964683.743098,297.774058333458,4185.21641948269,31673.2664241776,0.6875,0.044,0.423,0,-175.205820849275
10917642.8618428,9629.81198876355,28661.6016707493,44905.7244976349,1.0,0.0555555555555556,0.192307692307692,0,259.572424944977
8847850.03290748,289958.774188026,1070759.64237192,792271.550532586,3.65333333333333,0.029,0.277,0,-3725.34426048796
10999643.875051,107.369293719537,609.580179137478,479.175476132491,1.568,0.039,0.341,0,-13.2179971047921
10869861.5648908,2762.56243449461,24945.8832574056,103269.989417339,1.0625,0.044,0.423,0,-854.642284201701
10885677.372801,2069.36227518529,10463.2602891812,102630.004634595,0.677083333333333,0.0555555555555556,0.192307692307692,0,-183.354506468073
10124593.7960808,16953.6107492731,56860.7601023794,802431.833067549,0.666666666666667,0.083,0.204,0,101.214899925334
10993100.4558333,148.466145853346,1842.1818636683,5748.89615730302,1.04166666666667,0.016,0.197,0,-73.7941238271089
10993992.2568341,107.809845624418,2026.5907008086,4713.34261955423,0.6875,0.016,0.197,0,-91.8600291865752
10926355.0367229,2067.83260869343,13144.3240414989,59272.8066268991,1.58333333333333,0.044,0.423,0,-332.585674877137
10975552.9878106,252.256616874998,4039.66421941962,20995.0913530002,1.22916666666667,0.025,0.478,0,-175.931704520653
10105198.780009,2869.33337786137,17818.2353547864,874953.651258097,0.5,0.069,0.229,0,-438.195770112427
10999801.5390321,242.457908644938,585.80247003213,210.200589215548,2.98,0.025,0.478,0,14.0713248913919
10935888.9971296,3000.41850260329,11123.6929155718,50826.8914521763,1.03125,0.036,0.142,0,-40.9802784401983
10473228.574036,33064.2318008253,68985.2927556642,425561.901407451,1.29166666666667,0.083,0.204,0,2525.94357839863
10922121.8344286,6621.68615705922,37593.3692909839,34503.1101233672,1.73,0.029,0.277,0,-820.503983510472
10982162.3357552,152.161787766174,5679.77179577814,12845.7306611567,0.5,0.025,0.478,0,-286.280845403255
10577864.1893186,26505.1718307882,50691.2055518089,345779.433298728,1.45833333333333,0.083,0.204,0,2280.93437820729
10998399.4462469,846.830200914337,780.588658489615,813.134893742014,3.1125,0.072,0.134,0,121.545164230856
10996385.8925119,947.030590033886,1924.59273670495,1582.48416135577,2.348,0.036,0.142,0,75.2126933689826
2031820.5268867,221705.403426102,526773.192766261,8220540.87692097,3.36,0.072,0.134,0,13370.9305149406
8939118.90557887,470723.667094969,618510.92014703,972486.507179165,2.0,0.072,0.134,0,56164.0024518592
10883351.8033841,2031.48832049362,9506.11555317017,105950.592742222,0.739583333333333,0.0555555555555556,0.192307692307692,0,-137.443822439615
10967357.2741126,542.440995487162,6399.26818753825,26541.0167042911,1.69791666666667,0.025,0.478,0,-251.190138341144
10981821.4639059,4102.99492940323,7364.55821672579,7550.98294798692,2.292,0.069,0.229,0,379.946551971912
10984783.1631037,343.836117085748,3950.7829644105,11762.2178148164,1.03125,0.016,0.197,0,-153.357508650628
10977143.1611292,213.759075732428,3865.70364260491,19617.3761523997,1.08333333333333,0.025,0.478,0,-173.65556599656
1510819.7389011,35451.4466075263,125152.155800938,9329416.65869048,2.8,0.072,0.134,0,-133.056312967325
10997456.5464509,74.1149683343351,616.910324827901,2692.42825597796,1.01,0.039,0.341,0,-20.0197748019256
1719545.27059695,113934.968337125,346368.537043849,8820991.2240221,2.8,0.072,0.134,0,2669.41351278456
10494304.0499967,3747.74590070731,23543.502841752,479244.701260753,0.5,0.0555555555555556,0.192307692307692,0,-587.227563333658
10999154.9681714,475.803417368839,587.194322448062,622.034088770531,2.78,0.083,0.204,0,58.9641272846483
10935480.0990914,2984.3836716954,11147.7307319979,51227.7865048796,1.02083333333333,0.036,0.142,0,-45.3987001568411
10227631.2748599,30005.9162711119,80229.152543151,662973.656325848,0.916666666666667,0.083,0.204,0,1313.15461643442
10994649.2311006,112.024547123392,2566.49654377701,3512.24780849447,0.5,0.016,0.197,0,-121.037369110841
10980705.4302329,151.766609869996,4494.926582752,15487.8765743696,0.65625,0.025,0.478,0,-220.522449921307
10971242.296116,388.657622147612,5083.86007472827,24125.1861870312,1.52083333333333,0.025,0.478,0,-207.708342945016
10962756.4753508,308.961207354235,3568.64474933524,34205.9186925275,0.84375,0.044,0.423,0,-138.832544117655
10979374.3356359,171.703053189701,4011.4404452438,17282.5208655841,0.833333333333333,0.025,0.478,0,-189.841690458984
10784856.1505399,2595.38558600549,8566.32689929206,204822.136974696,1.0625,0.069,0.229,0,23.1677893603192
10942402.8741195,745.271938588615,13157.7665969727,44534.0873448626,1.07291666666667,0.025,0.478,0,-587.633719682594
10999376.350211,389.120900843758,683.259519170722,391.269369003608,2.78,0.036,0.142,0,36.8692765014254
10904439.4254463,2679.33589620689,19391.6603013271,74329.5783561496,1.36458333333333,0.044,0.423,0,-562.06459861622
10973758.1845755,830.92414410482,2855.21309615123,23395.6781842128,1.25,0.036,0.142,0,1.16865096003987
10796327.7067819,2409.40951215039,9507.49046083012,192595.393244993,0.854166666666667,0.069,0.229,0,-64.9163637212146
10976529.6294517,653.335786885627,2740.11391364685,20916.9208477689,0.989583333333333,0.036,0.142,0,-26.6066109000837
10971318.5492916,572.874563368449,9899.12862739957,19049.447517637,0.5,0.044,0.423,0,-439.767562492553
10996452.8193524,9.83046702876048,50.3845643805319,4326.96561616957,1.96,0.039,0.341,0,-0.909129778306012
10864122.5952043,2179.79213226521,39819.0593170735,94718.5533463738,0.5,0.029,0.277,0,-1793.77706268079
10994432.6013302,100.112608483652,2361.53048529349,3945.7555760689,0.5,0.016,0.197,0,-111.947551891474
7539071.12031018,417871.938087399,1763827.16505476,1280069.77654766,3.57333333333333,0.029,0.277,0,-17637.3576061386
10732783.3587924,15162.7711553159,40234.2430657549,212659.626986448,1.41666666666667,0.0555555555555556,0.192307692307692,0,680.663732452086
10837430.4702558,1624.86530080361,21364.8457441913,140419.818699285,0.697916666666667,0.044,0.423,0,-874.499651783654
1445295.99770094,11082.3623836532,40845.7617177156,9503615.87819776,2.8,0.072,0.134,0,-137.173515936845
10809400.2274446,3356.20918071784,13553.0002434776,174530.563131194,0.552083333333333,0.083,0.204,0,-107.554412901499
10990912.6030164,3557.95175113331,3215.39094930078,3154.0542831019,3.255,0.072,0.134,0,508.046113843058
10915174.7409789,14916.6512448278,30557.2007568998,40191.407019375,1.9,0.069,0.229,0,1170.92551380234
10995881.4164552,365.654864789007,2510.54586385574,2082.3828161604,1.77142857142857,0.016,0.197,0,-69.1609990324727
10802391.5628168,2494.52670689508,11124.6734531283,184829.23702307,0.739583333333333,0.069,0.229,0,-138.267333971453
10982149.9425015,137.475777968066,3205.32828366964,15347.2534369234,0.5,0.016,0.197,0,-151.636719616202
10748963.9071992,19267.4099510129,80957.6322725321,151651.050577277,2.66,0.029,0.277,0,-799.108695431745
10985911.563625,2015.85042707236,7844.27366729835,5068.31228071626,2.8,0.029,0.277,0,-45.5187223026167
10786557.7424009,2474.95707419153,6290.69978275052,205516.600742148,1.01041666666667,0.083,0.204,0,126.469746665673
10978913.4033633,1547.19823464791,9638.75822958401,10740.6401724956,1.51428571428571,0.044,0.423,0,-237.914234063706
10908888.3569534,6090.3669746375,28131.7986772961,57729.4773946661,0.5,0.0555555555555556,0.192307692307692,0,-391.71167063395
10941362.2558073,728.775368155815,13225.3356042381,45523.6332202121,1.04166666666667,0.025,0.478,0,-594.58930537035
10989190.8286264,598.244659174673,6126.81655089236,4924.1101635271,1.928,0.025,0.478,0,-225.31771393273
10709710.7233461,95922.4564178995,95115.5541088337,100091.266127124,2.78,0.072,0.134,0,13162.6339414708
10789101.5861919,2429.65082032895,6427.6614412014,202881.101546484,0.958333333333333,0.083,0.204,0,110.266725055798
10992601.2564438,2157.32810254607,2885.98108846398,3195.43436517481,2.432,0.083,0.204,0,254.490079277627
10981674.941639,2503.6069943847,10043.1306874869,6618.32067917516,2.68,0.029,0.277,0,-76.2803383822444
10994806.5435156,385.333340233512,3434.34377074638,2213.7793734143,2.25,0.025,0.478,0,-116.699474103241
10979702.7992921,166.556096414691,4093.20595373472,16877.4386576749,0.791666666666667,0.025,0.478,0,-195.39159517347
10964935.8398682,297.434044430598,4307.03814878296,31299.6879385646,0.666666666666667,0.044,0.423,0,-182.140989038708
10997143.4382485,36.7779987828562,547.535888689924,3112.24786401875,0.502,0.039,0.341,0,-23.3442810185212
10965314.621568,626.866500821472,7172.2584158089,27726.2535152745,1.72916666666667,0.025,0.478,0,-277.90034498779
10081344.4000321,6353.98622962908,27598.1414038924,885543.472334352,0.5,0.083,0.204,0,-311.281279093059
10101215.994179,2217.8699261196,13779.2012803063,883626.934614314,0.5,0.069,0.229,0,-339.009505822503
3622462.16751644,350218.475505109,3252467.09006276,3775692.26691568,2.8,0.029,0.277,0,-113345.067795829
10997978.5835052,305.602867458973,1325.13825270529,1230.6753746237,2.474,0.044,0.423,0,-14.8375439352919
10979539.8435565,169.083250864163,4050.0716466107,17081.0015459623,0.8125,0.025,0.478,0,-192.447118697617
10963509.6587407,2007.24219445492,5235.89484733239,30087.2042174906,1.72916666666667,0.036,0.142,0,95.1247391469049
10982924.9556724,222.496289507612,3742.34129808089,13950.2067400109,0.666666666666667,0.016,0.197,0,-165.113391148826
10973902.4265673,1195.43816177981,10878.5154253636,14863.61984552,0.916666666666667,0.044,0.423,0,-374.464731625093
1202535.6224744,58958.7095271379,1631201.99286176,8108143.67513672,2.8,0.029,0.277,0,-79274.7403009228
3921431.84020973,332734.226304129,561143.987742578,6185529.94574361,3.245,0.072,0.134,0,32812.5527059192
10977658.5122721,1508.03779947298,10065.3121220679,11608.1378063899,1.38571428571429,0.044,0.423,0,-269.159582695481
10981504.7319419,109.10764473541,2586.25177134513,16639.9086421325,0.5,0.016,0.197,0,-122.696363306435
10113875.3509333,14745.2278617925,51754.503092678,820464.91811225,0.625,0.083,0.204,0,-39.5478919321281
10997513.6860613,353.117349681786,1552.903019126,1420.29356987535,2.432,0.044,0.423,0,-18.3724373234433
10823986.6170773,4522.56655688394,26421.2486770922,145909.567688656,0.5,0.069,0.229,0,-598.137581771614
10918640.3055966,903.777461288779,6335.20944911607,74960.7074930377,0.5,0.036,0.142,0,-178.15965228718
10969799.9626228,442.878254797502,5543.54624718638,25053.6128751364,1.59375,0.025,0.478,0,-222.803085761939
10878690.5053494,2027.50005478501,8285.39526889092,111836.599326894,0.864583333333333,0.0555555555555556,0.192307692307692,0,-70.3353761842877
10718702.7663519,8780.46333424881,20555.8397029889,252800.930610771,1.66666666666667,0.069,0.229,0,546.555261516789
10994611.3008061,394.256900165434,3533.56774487344,2300.8745488279,2.236,0.025,0.478,0,-120.493456036312
10814270.5064672,3100.43011852426,17920.3323710839,165548.731043072,0.53125,0.069,0.229,0,-399.304997676602
10999406.5113007,403.319822548906,498.001978203877,532.166898564809,2.82,0.083,0.204,0,49.893122295976
10941021.2120237,722.868357107678,13241.444920818,45854.4746982819,1.03125,0.025,0.478,0,-596.615037671137
10998723.9756561,733.663171850441,673.76006682985,708.601105237049,3.0975,0.072,0.134,0,99.7723705595485
10983950.3227813,222.729261975089,7402.98154201989,9263.96641472034,0.5,0.025,0.478,0,-368.445373555144
10827590.0024685,6978.44367725622,28423.9541206309,137847.599733564,0.5,0.083,0.204,0,-237.063345821307
10996676.1602069,338.503090868606,2153.36276299508,1671.97393926969,2.026,0.016,0.197,0,-54.5332695750943
10844581.8235639,5788.71205101337,38305.6479158889,112163.816469217,1.78,0.029,0.277,0,-1017.48276498922
10958179.9053099,2505.1162088806,6821.09985077855,33333.8786304149,1.57291666666667,0.036,0.142,0,102.805390823139
10683937.1759628,17114.532905581,49563.8522569373,250224.438874607,1.26041666666667,0.0555555555555556,0.192307692307692,0,537.782703524955
10667022.2489492,17413.534508623,52056.4687109027,264347.747831138,1.20833333333333,0.0555555555555556,0.192307692307692,0,456.728456014083
10702639.6635678,12446.5605451843,21435.0864862343,264318.689400772,1.75,0.083,0.204,0,1202.78807462075
10998743.5816955,512.836762473582,957.52596629619,626.055575717665,2.62,0.036,0.142,0,45.4213187450301
10977349.8339374,209.282690391648,3856.54757762765,19424.3357945297,1.0625,0.025,0.478,0,-174.004550227206
10978504.6495821,186.506189418948,3881.81309816378,18267.0311302203,0.9375,0.025,0.478,0,-179.785167919922
10487382.6233454,2694.20601024144,17002.665938357,493760.504705904,0.5,0.0555555555555556,0.192307692307692,0,-426.500237384592
10708456.9033077,11514.1327320361,19986.3155664371,260882.648393821,1.72916666666667,0.083,0.204,0,1103.95456021701
10920313.6641403,28291.7887918174,26492.4025099937,25742.1445579391,3.025,0.072,0.134,0,3970.03494818536
10820025.051636,422.933063489339,7852.71964108437,172539.295659477,0.5,0.044,0.423,0,-354.933799251909
10987635.3533695,392.194024453427,3373.93886981705,9438.51373635241,1.4375,0.016,0.197,0,-112.025528819868
10981975.4319557,128.738296945655,3038.95845689946,15696.8712904552,0.5,0.016,0.197,0,-144.070623543299
7284203.59840145,436111.026901874,1894379.84585803,1386145.52883865,3.56,0.029,0.277,0,-21375.9233282744
10080313.5664799,6113.35149464644,26619.7877759873,887793.29424946,0.5,0.083,0.204,0,-303.219917893376
10599127.2970217,38555.2659339883,155436.783198676,207720.65384566,2.83,0.029,0.277,0,-1223.71604308373
10977847.7672453,199.000834245231,3850.32805227013,18942.9038680531,1.01041666666667,0.025,0.478,0,-175.640829161409
10996273.0130116,2.85862034849068,54.9667366701455,4509.16163133326,0.416666666666667,0.039,0.341,0,-2.50296293723625
10975721.9433694,695.784510982828,2720.3387585813,21701.9333610296,1.07291666666667,0.036,0.142,0,-17.3197126297117
1435489.10967736,7426.99301791328,27558.2619654775,9530365.63533934,2.8,0.072,0.134,0,-101.633026009543
10884125.1097209,2041.33062207209,9794.98835315592,104878.571303823,0.71875,0.0555555555555556,0.192307692307692,0,-151.55140992834
10999842.4955053,102.560015960707,379.940401666559,515.004077100945,2.84,0.044,0.423,0,-1.38836105433203
985480.774657222,32104.6249141194,1093037.60884405,8890216.99158463,2.8,0.029,0.277,0,-54551.0529819458
10983611.1932984,280.096922724362,3920.61005882564,13028.09972008,0.822916666666667,0.016,0.197,0,-163.950323730728
10988291.0266193,621.476719413604,6528.83272131889,5398.66393999538,1.83571428571429,0.025,0.478,0,-243.182908396478
10564843.49712,23363.7194436189,59818.4241566394,352814.359279604,1.4375,0.069,0.229,0,1169.75857560915
10968203.2121922,379.685836021895,6959.32769856866,25297.7742731803,0.5,0.044,0.423,0,-313.645882025901
10813223.5704945,3981.75556011364,16575.0776847814,167059.596260539,0.5,0.083,0.204,0,-155.115570969667
10996320.5013377,353.327552873311,2315.4553591205,1850.71575028552,1.956,0.016,0.197,0,-60.6827636362182
10970483.7413304,503.626038852304,9129.01291987535,20723.6197108439,0.5,0.044,0.423,0,-410.22743413177
2602958.08522428,238959.860438061,3084716.45431236,5074205.60002528,2.8,0.029,0.277,0,-125414.228907573
2080694.07606664,233889.648108667,542731.34799436,8143524.92783038,3.43,0.072,0.134,0,14828.047370621
11000036.708885,100.219894934803,453.038953605397,250.032266419967,1.876,0.039,0.341,0,-5.89771234875026
10996296.9272119,5.04409534763495,81.7729891763251,4456.25570360265,0.483333333333333,0.039,0.341,0,-3.57164053575959
10938100.0827665,661.37119512805,13239.9547232143,48838.5913150211,0.9375,0.025,0.478,0,-608.337327468341
10997810.4131503,1055.22349940618,972.640421788129,1001.72292851741,3.135,0.072,0.134,0,148.308873781168
10993569.2657342,439.8384340742,4056.12038690919,2774.77544484088,2.166,0.025,0.478,0,-140.749468252443
10997710.1955084,70.5559478249299,604.638739367369,2454.60980439714,1.044,0.039,0.341,0,-20.0231477421979
10840449.7672391,6515.81359955812,39457.1063711634,114417.312790204,1.94,0.029,0.277,0,-942.902769215998
10798840.7397049,9938.57682718482,23368.5157219844,168692.167745795,1.67708333333333,0.0555555555555556,0.192307692307692,0,613.086012427006
10601566.4007834,16525.15911543,56989.3762894253,325759.063811616,1.0,0.0555555555555556,0.192307692307692,0,11.7984418606777
10896144.6477615,3002.08403487519,18246.5131955228,83446.7550080635,0.5,0.0555555555555556,0.192307692307692,0,-436.38488002077
4590263.89768655,304074.248640056,490977.059350021,5615524.79432342,2.92,0.072,0.134,0,31198.687673675
10996303.3978564,6.06299447544732,87.4922648369056,4443.04688429875,0.496666666666667,0.039,0.341,0,-3.69480737858037
10977912.4482966,599.79767644665,2932.72633877589,19395.0276882421,0.833333333333333,0.036,0.142,0,-47.5845784712758
10996578.5128381,5.15981914046241,75.8651399626761,4180.46220281567,0.583333333333333,0.039,0.341,0,-3.2224335891706
10916953.2478337,686.011708420567,4840.25314903945,78360.4873089072,0.5,0.036,0.142,0,-136.978972069566
10994184.0928298,99.1868414940988,2143.21769386432,4413.50263491177,0.59375,0.016,0.197,0,-100.003948611858
10824897.0267151,4663.90969244123,27219.9877685219,144059.075823808,0.5,0.069,0.229,0,-615.321760545931
10540851.8761737,29320.5300113408,57855.1100103803,372812.483804505,1.39583333333333,0.083,0.204,0,2424.34401840339
10716358.7083481,9079.7829736637,21161.4842249131,254240.024453186,1.67708333333333,0.069,0.229,0,570.413701866742
10065473.1959822,2804.7599619632,12353.7197375067,920208.324318347,0.5,0.083,0.204,0,-146.920238489968
10863511.1272219,2188.14173789757,39275.3527098216,95865.3783304084,0.58,0.029,0.277,0,-1761.07288171383
10987707.8066244,1171.41561253475,6031.77235215891,5929.00541093304,2.012,0.044,0.423,0,-109.822886721827
1755748.99406903,132079.824289392,2491800.74750544,6621210.43413614,2.8,0.029,0.277,0,-113038.403331839
10996500.4266387,4.39091808683874,44.6687624031806,4290.51368081577,0.861111111111111,0.039,0.341,0,-1.63714691428988
10658179.6114567,15992.1622020683,37151.3414467179,289516.884894406,1.63541666666667,0.069,0.229,0,1011.29966709462
10866467.7440886,2329.50632627638,42073.0056083576,89969.7439767785,0.5,0.029,0.277,0,-1885.61636234411
10997150.223744,315.821065919091,1930.62539520263,1443.32979492675,2.124,0.016,0.197,0,-46.520250290174
10570505.1545584,23012.248924724,58593.4708124247,348729.125704343,1.44791666666667,0.069,0.229,0,1170.35970750748
10996509.406201,4.38998431458107,46.3292957755604,4279.87451894559,0.827777777777778,0.039,0.341,0,-1.72834682884783
10975075.2037828,5189.85798751824,10067.033972357,10507.9042573223,2.152,0.0555555555555556,0.192307692307692,0,438.733457294917
10972672.1947307,922.840209001692,3006.63821150789,24238.3268488038,1.33333333333333,0.036,0.142,0,10.4295313012136
10982074.0115548,133.397176492787,3133.21696525979,15499.3743034616,0.5,0.016,0.197,0,-148.410266444832
10928813.5659988,273.780673168473,10006.6903736365,61745.9629543072,0.5,0.025,0.478,0,-503.295265114949
10983090.7123233,238.312257944318,3802.24135244114,13708.7340663835,0.708333333333333,0.016,0.197,0,-165.405309532612
10936716.3087423,3029.44399285527,11066.268701422,50027.9785634016,1.05208333333333,0.036,0.142,0,-32.206004085804
10996524.3941831,4.44330893629543,50.038694212073,4261.12381371562,0.772222222222222,0.039,0.341,0,-1.92540502676259
10986787.8269922,390.254055024623,3608.30109076565,10053.617862001,1.32291666666667,0.016,0.197,0,-125.409168002118
6434428.24860922,102699.030395709,326881.255939457,4136831.46505565,1.14,0.072,0.134,0,1590.46554034225
10996879.1203152,21.8571176752484,327.338217936334,3611.68434920723,0.562,0.039,0.341,0,-13.9807252082376
10839684.1584195,10434.7464998326,37435.1245361473,113285.970544427,0.5,0.083,0.204,0,-72.9339819651565
10993758.6049886,118.579788035952,1933.17355412787,5029.64166926319,0.791666666666667,0.016,0.197,0,-84.5934357947682
10950750.956138,2936.88476842445,8761.30302153548,38390.856072005,1.38541666666667,0.036,0.142,0,78.0674574136833
5790868.86704691,203989.108400298,312503.724003449,4693478.30054939,2.6,0.072,0.134,0,21869.1614760717
10996683.6086924,11.6657559399357,188.632143619604,3956.09340809773,0.493333333333333,0.039,0.341,0,-8.23578084431426
10955092.0440028,518.368560975468,3949.26025908227,41280.3271770844,1.32291666666667,0.044,0.423,0,-119.698204259297
10738268.7443252,6421.59153037848,15756.9122742255,240392.751870074,1.5625,0.069,0.229,0,359.467471703072
10971606.3472163,1023.21814144088,3192.17048144247,25018.264160775,1.40625,0.036,0.142,0,19.4242096143336
10998833.186211,214.656820031582,900.703916101582,891.453052919821,2.572,0.044,0.423,0,-8.76638237847586
10972815.0473946,910.123515856675,2984.33678187691,24130.492307633,1.32291666666667,0.036,0.142,0,9.25341827527068
10993831.0084449,115.278410744382,1957.43358471617,4936.27955967421,0.760416666666667,0.016,0.197,0,-86.5810022924769
10833280.9542738,7765.55586433157,41845.5299391825,117947.959922706,2.18,0.029,0.277,0,-834.373317191913
10982965.205778,226.469490890761,3758.12240770426,13890.2023233955,0.677083333333333,0.016,0.197,0,-165.226633913368
10810506.4887721,2817.82846042293,15148.1143408946,172367.568426443,0.59375,0.069,0.229,0,-299.679584466975
1606793.11753166,112221.751776753,2312299.80262679,6969525.32806481,2.8,0.029,0.277,0,-106883.283627975
10995494.7891906,1438.48343482397,1883.00264392156,2023.7247306111,2.516,0.083,0.204,0,172.082401912956
10751608.0143248,5345.88017075233,10266.8315201188,233619.273984293,1.48958333333333,0.083,0.204,0,457.664852506298
10996507.9110692,4.38841796399788,46.0251195845263,4281.67539322714,0.833333333333333,0.039,0.341,0,-1.71212782365343
10867046.5331699,2412.82644244267,7807.8025611447,123572.837826462,1.14583333333333,0.0555555555555556,0.192307692307692,0,30.2146859232598
9667061.93195376,174763.857877247,632732.965857535,526281.24431147,3.56,0.029,0.277,0,-1543.81880919589
10978935.7258837,576.2111732046,3265.17671916076,18062.8862239323,0.708333333333333,0.036,0.142,0,-70.5849781358082
10996535.0087342,4.52161686027883,53.4558865764182,4247.01376237588,0.733333333333333,0.039,0.341,0,-2.10146179193926
10982916.15117,171.971859824883,6416.28937994008,11335.5875902523,0.5,0.025,0.478,0,-323.385767901614
11000000.0,40.0,800.0,0.0,3.0,0.0555555555555556,0.192307692307692,0,-36.7122197445743
1453920.92386714,14296.1121858576,52383.2779218427,9480239.68602522,2.8,0.072,0.134,0,-161.050111789138
10917593.3818784,767.42616990966,5408.77259353888,77070.4193582392,0.5,0.036,0.142,0,-152.911164078143
8137253.23277524,526131.505395627,799367.083565284,1538088.17826385,1.67,0.072,0.134,0,56771.7637727877
10873352.8270591,2805.42930935081,24688.6023866861,99993.1412448835,1.09375,0.044,0.423,0,-832.120646351224
10994796.5619519,129.189847397748,2696.82603493783,3217.4221657425,0.5,0.016,0.197,0,-124.979112223441
10996824.5204154,19.7594778347047,288.183158637902,3707.53694816165,0.578,0.039,0.341,0,-12.2098768726984
10961135.4811577,2257.82234255794,5951.32490626753,31495.371593498,1.65625,0.036,0.142,0,103.558242735986
10784987.010589,2518.36956919138,6256.60667734965,207078.013164414,1.04166666666667,0.083,0.204,0,136.601012204124
10993479.0866131,1050.34057069233,3864.95639254247,2445.61642369095,3.0,0.029,0.277,0,-20.8712050298423
10974257.40044,792.55989723502,2801.47438763716,22988.5652751278,1.20833333333333,0.036,0.142,0,-3.22268019475563
10989197.3845039,1994.40118490449,4652.72771828222,4995.48659292377,1.928,0.036,0.142,0,125.045535510731
4521599.57538487,442230.885952644,3095684.36351615,2941325.17514633,3.08,0.029,0.277,0,-86933.4913569558
10964704.3580911,13009.4088532058,11851.689185491,11274.5438702158,3.1625,0.072,0.134,0,1842.62615046044
3636345.92109055,345199.514982975,585965.029534568,6433329.53439195,3.455,0.072,0.134,0,33830.0140866383
10999686.4789205,334.424094649002,537.503895187591,281.593089607184,2.88,0.036,0.142,0,34.4492437353937
10210946.284779,19979.1579210886,79676.351508502,690238.205791278,0.8125,0.069,0.229,0,-584.34732958657
10752628.9402145,4895.65216505879,12643.7559833165,230671.651636994,1.45833333333333,0.069,0.229,0,239.079760751201
10851968.028315,3562.63434969347,9812.8713048712,135496.466030326,1.40625,0.0555555555555556,0.192307692307692,0,139.943065384789
10662194.9880594,15593.2955063015,36060.5493376178,286991.167096505,1.64583333333333,0.069,0.229,0,995.330811288622
4875426.02780962,466247.575305665,2982456.66942518,2676709.72745953,3.185,0.029,0.277,0,-76022.9651649075
10991887.5178731,211.326949237785,1993.87562125684,6747.27955650136,1.38541666666667,0.016,0.197,0,-70.1294050821164
10937626.8814815,1558.92999126604,9247.54424560293,52406.6442815781,1.72916666666667,0.044,0.423,0,-213.953205903327
10770160.5407656,12595.2213660475,31238.5948150656,186845.643053167,1.55208333333333,0.0555555555555556,0.192307692307692,0,686.627179393981
10918370.6462117,6685.57392360797,39057.5535670396,36726.2262976242,1.67,0.029,0.277,0,-877.837609710498
2379852.4297227,212273.053343201,2982442.58336992,5426271.93356417,2.8,0.029,0.277,0,-124870.598167466
10948114.273786,3029.65997498118,9348.49207221287,40347.5741668379,1.32291666666667,0.036,0.142,0,63.2709940496608
10991416.6143367,239.285442991057,2109.0729870295,7075.02723336534,1.48958333333333,0.016,0.197,0,-71.1597111716824
2133283.90258627,245561.373381619,557713.492623581,8064281.23140857,3.5,0.072,0.134,0,16242.1986614805
10996333.9783384,12.0067343275696,94.3279288292971,4399.68699842336,0.965,0.039,0.341,0,-2.93178821887853
10855148.5751278,17566.0532463985,41607.0867541424,86518.2848715535,0.833333333333333,0.083,0.204,0,1066.51985917633
10941706.2766216,734.480909384268,13206.0077288581,45193.2347400397,1.05208333333333,0.025,0.478,0,-592.43523617009
10839523.6827417,7410.9067870146,39555.0500179416,114350.360453266,0.5,0.069,0.229,0,-772.235536994579
10247344.348978,23214.5792845466,85842.2775054532,644438.794231786,0.895833333333333,0.069,0.229,0,-304.746317588387
10992401.749308,1571.66448702396,3473.73638232789,3392.84982268919,2.082,0.036,0.142,0,109.254779260015
10996292.4754392,4.58283415686765,77.3762308858532,4465.56549575586,0.473333333333333,0.039,0.341,0,-3.41682954317822
10995366.4661601,359.033352399524,3147.43663765532,1967.06384983198,2.292,0.025,0.478,0,-105.800137623579
10980778.7829413,150.704183380973,4535.51363165716,15374.9992435546,0.645833333333333,0.025,0.478,0,-223.010285105809
4460153.84202709,310603.478117165,506785.331637097,5723297.34821869,2.95,0.072,0.134,0,31575.7508325423
10826835.4944444,789.082008409877,14520.2775234957,158695.146023812,0.5,0.044,0.423,0,-654.895268297438
10961536.6354733,324.863112703206,3397.51016336517,35580.9912505739,0.9375,0.044,0.423,0,-126.298239724417
10986111.1294513,381.693359603314,3762.41883511253,10584.7583539918,1.22916666666667,0.016,0.197,0,-135.623294810196
10966517.6627256,578.636164600846,6711.21926714666,27032.4818426014,1.72916666666667,0.025,0.478,0,-261.571683158419
10982603.547613,163.727299740467,6110.90114826424,11961.8239389176,0.5,0.025,0.478,0,-308.048211954661
10982680.2743275,165.742864003192,6185.86656870915,11808.1162397581,0.5,0.025,0.478,0,-311.762185249267
6679514.73747613,205918.395081229,669020.235531035,3446386.63191163,0.5,0.072,0.134,0,2432.18643622549
10999001.5197909,462.49365574497,847.305976291753,528.68057700791,2.68,0.036,0.142,0,41.860929886277
10825343.7072086,704.692066221153,13064.720561864,161726.880163372,0.5,0.044,0.423,0,-590.327762250649
10837283.0674896,5124.25769663561,12961.7064868469,145470.968326789,1.57291666666667,0.0555555555555556,0.192307692307692,0,265.217391360584
1870021.86014288,172416.751635421,454661.289105417,8503740.09911631,3.08,0.072,0.134,0,7896.54520615497
10998763.939177,212.879543496456,1118.99590732852,744.185372138827,2.53,0.016,0.197,0,-21.2248996562788
10994014.4282661,106.774833767459,2037.9702536821,4680.82664655089,0.677083333333333,0.016,0.197,0,-92.6873776753114
10541499.5606373,24689.0141186185,64656.7077192204,369994.717524727,1.39583333333333,0.069,0.229,0,1155.88570216888
10981944.7603033,841.181307551235,5486.98857383514,12567.0698153857,0.5,0.036,0.142,0,-143.064479500972
10998423.7755264,703.436508875692,1165.754989169,547.032975514101,2.78,0.0555555555555556,0.192307692307692,0,70.4778933924384
10933488.4250306,2889.42011996212,11220.0601048514,53242.0947445592,0.96875,0.036,0.142,0,-67.6655238612072
10525756.8226465,149738.074541063,154494.044264566,170851.058547854,2.62,0.072,0.134,0,20211.6392791716
10970587.1771192,1127.50238907499,3396.30600969939,25729.0144820728,1.46875,0.036,0.142,0,28.1398003091195
10394393.1311349,28465.2605582081,86288.4655841507,491693.142722535,1.15625,0.069,0.229,0,680.188963446196
10958345.0884964,8299.515042085,15853.3576510936,18342.0388104443,2.096,0.069,0.229,0,715.329434810779
10984473.0563562,1942.10563074016,6240.74844437656,8184.08956881823,1.0,0.036,0.142,0,26.7569591654111
4300279.44553669,423628.083513994,3154291.72460755,3122640.74634176,3.01,0.029,0.277,0,-93769.0519149173
10976333.1605837,662.912760166951,2730.09879515077,21113.8278609606,1.01041666666667,0.036,0.142,0,-24.1916532934424
10999754.9570099,104.96315706586,569.926692999627,410.153140053143,1.652,0.039,0.341,0,-11.4768002825394
10996265.2210321,2.17094241649782,44.1738845740824,4528.43414084328,0.4,0.039,0.341,0,-2.03768653562542
10999365.2333314,179.279110258317,778.51972893714,516.96782936916,2.8,0.016,0.197,0,-8.77437137516397
10996215.8771776,317.010038026611,2705.37913014872,1601.73365422736,2.362,0.025,0.478,0,-89.3188049146307
10969007.8441097,421.716682461929,7726.65806517169,23683.7811426815,0.5,0.044,0.423,0,-348.157900082095
10929474.9722316,2601.38945718086,11090.8103130593,57672.8279981987,0.854166666666667,0.036,0.142,0,-115.87764552441
5279154.8624442,254550.361104367,393597.240314489,5073537.536137,2.75,0.072,0.134,0,27086.4000346618
10845175.832407,9336.76895402746,43446.580659756,102880.817979178,0.5,0.069,0.229,0,-618.305116547006
10987994.0112404,621.290247931727,6661.15264910157,5563.54586259939,1.77142857142857,0.025,0.478,0,-250.583498445869
10967227.0997027,1518.06904289485,4198.75233664087,27896.0789177356,1.63541666666667,0.036,0.142,0,58.6739888819782
10168612.0831878,14670.1699183577,66532.6962585447,751025.050635145,0.6875,0.069,0.229,0,-875.132172424074
10756288.879604,4796.3928374774,9394.9089601474,230359.818598349,1.44791666666667,0.083,0.204,0,400.56107190858
1557669.52266899,52802.2849465254,180933.105052623,9209435.08733191,2.8,0.072,0.134,0,102.039334478885
6248848.42048189,132588.049837036,271816.354282534,4347587.17539857,1.94,0.072,0.134,0,10394.2076994186
10759540.251272,4245.98125592429,11333.3023885413,225720.465083481,1.39583333333333,0.069,0.229,0,186.966095725425
10996256.4385588,1.54698811754179,31.614985758586,4550.3994672287,0.4,0.039,0.341,0,-1.46063639020779
10755169.1025441,4924.71402465479,9598.2145514361,231147.968879749,1.45833333333333,0.083,0.204,0,413.938126534526
10999042.6375048,250.850173423422,875.137792327755,671.374529523681,3.255,0.029,0.277,0,-3.93788231283474
10918632.6498299,2334.19042090709,15551.4873643935,64321.6723848269,1.5,0.044,0.423,0,-415.061389142792
10930513.8500602,2689.76788348816,11165.6701157055,56470.7119406331,0.885416666666667,0.036,0.142,0,-103.055544171819
10992059.8981724,201.585008321417,1957.65775485445,6620.85906452732,1.34375,0.016,0.197,0,-69.994718564084
10979912.6410573,575.31273421421,3808.53426818182,16543.5119403756,0.583333333333333,0.036,0.142,0,-100.957547009964
10791583.3801399,2416.84259832562,6673.1163173461,200166.66094442,0.90625,0.083,0.204,0,94.0440321748705
10924995.507738,2077.43698778718,10290.4211439946,63476.6341302553,0.697916666666667,0.036,0.142,0,-172.170176635107
10578923.4566354,134655.263888266,137408.198890867,149853.080585437,2.66,0.072,0.134,0,18262.9876983163
10999822.554795,128.792898736952,460.164717512658,428.487588715539,3.1575,0.029,0.277,0,0.38716161806799
10103079.3892488,2522.62396551634,15669.3795095829,879568.607275924,0.5,0.069,0.229,0,-385.426601301407
10983315.6578313,257.691981164401,3864.68723830965,13401.9629493024,0.760416666666667,0.016,0.197,0,-165.142088542373
10956010.4235515,8689.21388701212,16676.2393158264,19464.1232456552,2.082,0.069,0.229,0,744.585053878675
10995458.3605316,1321.93721276702,2199.44150524319,1860.26075034534,2.558,0.069,0.229,0,132.028283817357
10996735.9121604,16.1120566880957,229.747604792722,3858.22817814785,0.573333333333333,0.039,0.341,0,-9.66659708999578
10993364.8529462,136.318964521229,1855.91275683069,5482.91533251212,0.947916666666667,0.016,0.197,0,-76.8864262042566
10977452.9302348,2952.13081382891,12207.185762607,8227.75318880201,2.58,0.029,0.277,0,-115.957940725733
10960230.7540516,349.772186710115,3346.87808875723,36912.595672896,1.03125,0.044,0.423,0,-118.708724109449
10923783.3172397,1883.26043149273,9880.44854164829,65292.9737871213,0.645833333333333,0.036,0.142,0,-186.742177554578
10776912.581283,2959.06567306567,8944.09410538631,212024.25893837,1.1875,0.069,0.229,0,72.1677955355369
10879083.3851262,2024.19550440269,8358.11821563111,111374.301153773,0.854166666666667,0.0555555555555556,0.192307692307692,0,-75.0464681225984
10996268.8633507,2.47099460383831,49.3410970510265,4519.32455758821,0.4,0.039,0.341,0,-2.26549768623022
10753856.1448827,4775.72385861641,12400.4431113016,229807.688147322,1.44791666666667,0.069,0.229,0,229.459086836102
10862046.5224882,2393.10968966274,38286.5270212183,98113.8408008777,0.74,0.029,0.277,0,-1672.86618915174
10962063.9224689,698.797020185664,8404.55672694964,29672.7237839397,1.625,0.025,0.478,0,-332.511212600302
10964442.6402092,4171.12964067361,18677.0229278442,13549.2072223573,2.34,0.029,0.277,0,-235.586542164953
10903111.0417354,4199.99116769102,24144.3780974391,69384.5889994468,0.5,0.0555555555555556,0.192307692307692,0,-533.70199487621
6616015.73476116,473081.062590764,2226845.8181249,1684897.38452316,3.52666666666667,0.029,0.277,0,-32739.6213518427
10792075.2446369,2418.12281093461,6736.43337857018,199610.199173516,0.895833333333333,0.083,0.204,0,90.7615570399526
10922139.9230812,1566.86443781074,9103.3189223521,68029.8935586285,0.5625,0.036,0.142,0,-204.417475898873
10483401.2987467,2094.91077885055,13229.2031385176,502114.58733589,0.5,0.0555555555555556,0.192307692307692,0,-332.104849025224
10996463.5961378,8.35815894455236,46.7521013249341,4321.29360196313,1.84,0.039,0.341,0,-0.990457912439219
10996258.5011936,1.69155040048236,34.566524546287,4545.24073139928,0.4,0.039,0.341,0,-1.59377594189927
10882579.1284575,2024.28981005452,9244.52991863987,106992.051813757,0.760416666666667,0.0555555555555556,0.192307692307692,0,-124.414928181644
10858180.9741362,3018.9450438451,8772.44657473759,130867.634245169,1.3125,0.0555555555555556,0.192307692307692,0,93.1610148906964
10966319.6714171,300.295715123853,5205.33262807105,29014.7002397472,0.552083333333333,0.044,0.423,0,-231.433913814137
10868431.094706,19551.855475845,39934.436474566,72922.6133435174,1.12857142857143,0.083,0.204,0,1541.44528611439
10949716.6318617,784.217041611289,5274.34098784636,45064.8101087875,1.52083333333333,0.044,0.423,0,-142.215064617571
10707532.2208747,24509.6188851423,101360.218093103,167437.942147083,2.72,0.029,0.277,0,-917.244690159884
10983183.279883,2335.3786933495,9262.65693211112,6058.68449162166,2.72,0.029,0.277,0,-67.8879896802154
10743023.1406915,5893.51812641663,14678.2200018201,237245.121180219,1.53125,0.069,0.229,0,317.887520833888
10160300.7241164,13356.040380762,62772.9068599645,764410.328642748,0.65625,0.069,0.229,0,-918.926896113075
10997741.575799,234.224479787758,1889.40867010476,974.791051033937,2.516,0.025,0.478,0,-59.930830221826
10993734.0205337,119.694361430477,1925.77231937549,5060.51278559997,0.802083333333333,0.016,0.197,0,-83.9749220265373
10809899.307965,2783.68370271381,14757.7959036269,173399.212428523,0.604166666666667,0.069,0.229,0,-284.620445054791
10887145.5699136,16938.6447505323,39579.0510132172,57176.7343225808,1.45,0.069,0.229,0,1058.44503778124
10970034.7848885,1187.078884983,3515.97087712429,26102.1653494133,1.5,0.036,0.142,0,32.9624684073164
10736255.5504083,20865.361704189,87194.1652837425,156524.922603733,2.68,0.029,0.277,0,-834.821989999567
10995877.3037994,1033.86043632449,2127.66520735686,1801.17055689743,2.306,0.036,0.142,0,80.6177058754998
10869887.0025252,2270.69751676926,7688.77443047534,120993.525527523,1.08333333333333,0.0555555555555556,0.192307692307692,0,9.53309331936984
10827796.925594,5122.41744848802,29754.8568328891,138165.800124536,0.5,0.069,0.229,0,-667.991980086255
10982700.1146952,198.506978192516,3636.82572498654,14304.5526016853,0.604166666666667,0.016,0.197,0,-163.862303816911
10934708.4790745,1709.97502293542,10296.0907724101,54125.4551301272,1.6875,0.044,0.423,0,-243.206497790094
10997103.7183065,270.071272241639,2234.1412392555,1232.06918194851,2.446,0.025,0.478,0,-72.1981354324356
10748742.2716017,5287.31264840855,13440.8067049849,233369.609044857,1.48958333333333,0.069,0.229,0,270.041629464004
10336977.1054665,34955.7798811784,82272.9019595617,546634.21269274,1.09375,0.083,0.204,0,2151.53137465749
10878209.775315,42343.5957453212,40307.3104023911,39979.3185372868,2.95,0.072,0.134,0,5905.38190072831
5910687.37697502,189733.19910487,294257.921714241,4606161.50220592,2.56,0.072,0.134,0,20139.4537808925
10757377.4754803,4673.64856408284,9200.71400452122,229588.161951015,1.4375,0.083,0.204,0,387.637079111915
10933212.7479407,505.507949992999,12462.729761982,54659.0143472296,0.75,0.025,0.478,0,-595.19189346017
10977376.2404107,617.669961576326,2829.42490552302,20016.6647222741,0.895833333333333,0.036,0.142,0,-38.4143116581025
4503711.10135234,308529.296269531,501604.87179551,5686994.73058266,2.94,0.072,0.134,0,31467.07332117
10106977.2834461,3160.43542087989,19620.5596936026,871081.721439174,0.5,0.069,0.229,0,-482.248901455917
10996187.1126273,1161.05819822523,1915.07393018243,1576.75524431537,2.586,0.069,0.229,0,116.806857339289
10998523.7767028,650.48585363427,813.11729241406,852.620151152101,2.7,0.083,0.204,0,79.8026020544208
10921959.6464649,1527.44630587268,8997.19901652365,68355.7082127588,0.552083333333333,0.036,0.142,0,-206.089743323244
9991147.04972672,284428.442710519,321607.821290797,403656.686271985,2.34,0.072,0.134,0,36828.6310156575
10971805.1199268,368.542030684956,4916.04675277612,23750.2912897237,1.48958333333333,0.025,0.478,0,-202.219637505151
10999285.4697013,438.52589010922,540.754252381246,575.25015620281,2.8,0.083,0.204,0,54.3069762823816
10466166.9356858,33351.1886405194,69992.233742756,431329.641930844,1.28125,0.083,0.204,0,2525.2364710879
6051939.24703089,168939.98710155,276274.83992037,4503685.92594722,2.51,0.072,0.134,0,17142.0699652812
10990935.697576,269.764357492408,2246.33261799609,7388.20544859987,1.58333333333333,0.016,0.197,0,-72.9189734035525
10908989.0608394,2588.40033888773,18245.7541695561,71016.7846521368,1.40625,0.044,0.423,0,-515.879998722731
10408674.590138,34940.0319257867,76985.5254919234,480239.852444301,1.19791666666667,0.083,0.204,0,2442.31063532129
10539984.3929101,11740.5135641845,50326.7771508078,398788.316374828,0.75,0.0555555555555556,0.192307692307692,0,-538.159367020763
1188278.78913247,57137.6472664515,1600422.2747124,8155001.28888871,2.8,0.029,0.277,0,-77918.3775457544
10999159.4862279,431.411725704214,778.942992429813,470.159053911697,2.72,0.036,0.142,0,39.6774838224785
2444817.68172872,300416.678193286,615646.089350078,7639959.55072797,3.56666666666667,0.072,0.134,0,23574.0363716353
10821276.8373195,5620.62468306149,23262.835377247,150679.702620159,0.5,0.083,0.204,0,-211.507124208334
10996676.5782149,10.9764844097326,181.901439840666,3970.5438609107,0.48,0.039,0.341,0,-7.99555848845113
10998853.0725992,206.318211468254,1071.46840599156,709.140783383007,2.558,0.016,0.197,0,-19.8456148778896
10536065.8145392,11239.6219637475,49215.4811228833,404319.082374095,0.729166666666667,0.0555555555555556,0.192307692307692,0,-572.680118658317
10562525.9211453,14083.1311892836,54717.4051911461,369513.542474141,0.854166666666667,0.0555555555555556,0.192307692307692,0,-331.573672885782
10988871.957707,2033.82468531272,4769.14158914603,5165.07601861091,1.914,0.036,0.142,0,126.177617610958
10824001.95404,633.184277133635,11750.802199301,164454.059483608,0.5,0.044,0.423,0,-531.055901986055
10850896.7793863,2287.44782737497,24560.966878689,123094.805907672,0.875,0.044,0.423,0,-924.59275051919
10534390.3499014,29756.0530853904,59030.3082161756,377663.288796914,1.38541666666667,0.083,0.204,0,2442.90530638586
10999582.5253395,165.905822329493,587.521505369523,504.047332854134,3.195,0.029,0.277,0,4.90993688910486
10857788.0416765,2511.63553906018,25107.1382448767,115433.184539579,0.947916666666667,0.044,0.423,0,-911.839431561541
10986484.4487928,387.224141065271,3681.40104732721,10286.9260188253,1.28125,0.016,0.197,0,-130.053493331673
5425334.5455902,241258.115461076,370764.748938531,4963482.59001024,2.71,0.072,0.134,0,25798.6789426475
10097249.4126027,10691.7504332016,41488.5271981714,851410.309765875,0.541666666666667,0.083,0.204,0,-248.840357117487
10986535.7959703,1939.35897510978,7519.2758138565,4845.56924078947,2.8125,0.029,0.277,0,-41.3591961642171
6651231.63890665,182281.054867181,627581.067843089,3539746.23838311,0.5,0.072,0.134,0,187.16158282699
4091190.40408222,403535.121795207,3199157.30609555,3306957.16802701,2.94,0.029,0.277,0,-100126.745602618
10976931.8748384,218.462192158311,3878.69292982307,19810.9700395229,1.10416666666667,0.025,0.478,0,-173.470459956434
10998168.4315252,255.447683855745,1428.08135641736,988.039434548374,2.362,0.016,0.197,0,-30.2092226638497
10108936.0115353,3481.36734580908,21604.403200839,866818.217917813,0.5,0.069,0.229,0,-530.691069913178
10975797.44735,245.880180044057,4002.62055506051,20794.0519147702,1.20833333333333,0.025,0.478,0,-175.101402663771
7663640.11496849,510517.3824572,866698.101523668,1959984.40105064,1.46,0.072,0.134,0,50026.032396667
4675950.63256596,299239.652603077,480041.612998441,5545608.10183256,2.9,0.072,0.134,0,30873.9599977803
10997101.6571085,32.0702350446861,511.418014483773,3194.85464203487,0.51,0.039,0.341,0,-22.2448654836278
9889479.77281717,306871.868170851,352327.435656392,452160.923355611,2.3,0.072,0.134,0,39440.5682151541
10998238.8824047,748.718016552375,1238.60052380829,613.799054971705,2.76,0.0555555555555556,0.192307692307692,0,75.1087672228913
1470755.6517831,20564.6880910667,74510.4194520737,9435009.24067383,2.8,0.072,0.134,0,-185.418049836679
10780562.2985631,2699.09741428254,6333.97070837934,211244.633314165,1.125,0.083,0.204,0,167.253948362331
10976012.2412795,8997.55462185896,8108.32057526836,7721.88352340756,3.225,0.072,0.134,0,1279.32324527037
10953324.6025506,2815.71376787993,8134.11263866368,36565.5710429084,1.44791666666667,0.036,0.142,0,89.584288396411
10996230.0057533,1251.16212678841,1625.87772459243,1732.95439531868,2.544,0.083,0.204,0,149.998814151106
10997071.7740363,30.1740046537539,484.922810815041,3253.12914821356,0.516,0.039,0.341,0,-21.1377952759555
10888430.2184907,2152.06510374887,11975.3185319261,98282.3978735456,0.604166666666667,0.0555555555555556,0.192307692307692,0,-251.419443549974
10842380.1769672,1909.49542372293,22966.5155009344,133583.812108189,0.770833333333333,0.044,0.423,0,-908.682350283735
10996707.499143,13.8543356340434,209.079416156936,3909.56710525194,0.533333333333333,0.039,0.341,0,-8.95105035622819
10987166.1197927,1209.54932097706,6264.82194807748,6199.50893824975,1.998,0.044,0.423,0,-115.467864597753
10775453.8299184,3043.52028788124,9075.28994464498,213267.359848935,1.20833333333333,0.069,0.229,0,81.1943113783077
3800941.50427728,371603.969239464,3240972.81971977,3587321.70676347,2.835,0.029,0.277,0,-108591.187872617
10991156.8273739,255.517917563739,2181.08915900815,7246.56554956326,1.54166666666667,0.016,0.197,0,-72.0262415674024
10818075.2950795,7559.92151100085,17904.8688593245,157299.914550112,1.71875,0.0555555555555556,0.192307692307692,0,459.090721340706
10996259.0462652,1.72979287764928,35.3464571566506,4543.87748473005,0.4,0.039,0.341,0,-1.63211280900604
10868670.6949376,16244.8508101517,44222.803623328,71701.6506289194,1.12857142857143,0.069,0.229,0,667.074662500891
10991595.9679313,1684.07323779876,3775.772928699,3784.18590226722,2.04,0.036,0.142,0,114.076514193395
10865322.8403008,2687.63001662841,25148.8220591001,107680.7076235,1.02083333333333,0.044,0.423,0,-880.320970246636
10996472.8806154,6.83002292492474,44.3102910782676,4315.97907060974,1.62,0.039,0.341,0,-1.14790880021536
10988271.8456922,1723.99195749473,6612.60428949935,4231.55806088107,2.85,0.029,0.277,0,-44.6669267117589
10980406.8168971,156.090258816195,4347.29696036779,15929.7958836284,0.697916666666667,0.025,0.478,0,-211.511803451165
10996989.2252913,26.34586952979,413.938340799473,3410.49049842317,0.534,0.039,0.341,0,-17.9306524368142
10951053.1523759,711.592954466336,4905.41343593539,44169.8412336711,1.47916666666667,0.044,0.423,0,-135.66993903009
10976494.5009429,228.603515339849,3916.30578174252,20200.589759912,1.14583333333333,0.025,0.478,0,-173.641208546838
10940016.8439196,703.980551853424,13270.3265593908,46848.8489690448,1.0,0.025,0.478,0,-601.864867429336
10834427.2564818,6275.11690930837,35440.2886159934,124697.337992844,0.5,0.069,0.229,0,-762.152792441818
10920841.6325986,1262.16301492831,8210.84866366801,70525.3557228521,0.5,0.036,0.142,0,-213.419649422024
10879294.8159581,2850.34526460216,24069.3091826211,94625.5295947574,1.14583333333333,0.044,0.423,0,-789.009551949347
10998502.9065628,250.376586482507,1065.73769319569,1020.97915757421,2.53,0.044,0.423,0,-11.019237931454
10985321.570825,362.886513377133,3895.90844940853,11259.6342122792,1.11458333333333,0.016,0.197,0,-146.654980385856
10998479.1995991,233.774909688122,1268.33153477923,858.693956448562,2.446,0.016,0.197,0,-25.5053696378491
10935483.9183327,587.501519496063,12975.8604518306,51792.7196958817,0.84375,0.025,0.478,0,-607.905485754654
1434777.17854028,7161.59646760513,26586.581665401,9532314.6433268,2.8,0.072,0.134,0,-99.5363515573074
1466881.76208639,19122.7902479919,69464.1226192346,9445371.32504645,2.8,0.072,0.134,0,-184.191869389479
10944554.0160707,772.435232689523,12938.0326810396,42575.5160154536,1.13541666666667,0.025,0.478,0,-570.221959159308
10997343.6616653,370.185415312306,1635.72269479505,1490.43022461823,2.418,0.044,0.423,0,-19.6818468273244
10848805.5316471,3869.54352269905,10422.0037656997,137742.921064363,1.44791666666667,0.0555555555555556,0.192307692307692,0,165.208052104229
10653490.5786374,17506.0342834451,53735.3948288555,276107.992250171,1.16666666666667,0.0555555555555556,0.192307692307692,0,381.26714565618
10982049.083671,132.167769479107,3109.43323900871,15549.3153205909,0.5,0.016,0.197,0,-147.326101458504
10627484.0094231,18801.4404117682,45179.8912323973,309374.658932599,1.5625,0.069,0.229,0,1105.79593170277
10993220.8065512,142.889196213152,1845.38572975476,5630.91852285185,1.0,0.016,0.197,0,-75.0428761725143
10821413.1711002,4127.1554981684,24158.4966221482,151141.176779438,0.5,0.069,0.229,0,-548.490768880075
10872142.2066858,16527.0846059715,43496.0174676204,68674.691240535,1.19285714285714,0.069,0.229,0,761.87919350322
10991974.7606356,206.36279785823,1975.09695831392,6683.77960833307,1.36458333333333,0.016,0.197,0,-70.0421184505202
2248432.93457224,268080.92836339,584648.578767221,7899677.55829719,3.52666666666667,0.072,0.134,0,19073.7373699327
1440350.31989926,9239.06263905301,34167.4261583978,9517083.19130338,2.8,0.072,0.134,0,-122.974751329846
10237650.5829182,22449.8581947328,84542.2662667176,656197.292620152,0.875,0.069,0.229,0,-379.459085291889
10993989.7243958,680.730411586538,3225.8970121496,2943.64818042894,2.222,0.044,0.423,0,-48.3297853534803
10922603.2208041,2204.47114814963,14341.0872031999,61691.2208445356,1.54166666666667,0.044,0.423,0,-372.773379698759
10980883.0033155,2590.10355330752,10451.4306006208,6915.46253066362,2.66,0.029,0.277,0,-85.9095922040965
10787272.5413468,2520.48558251067,8590.78508187179,202456.1879887,1.02083333333333,0.069,0.229,0,7.51100717259401
1605581.4821285,70540.4026545144,234308.881529433,9090409.2336876,2.8,0.072,0.134,0,546.885205336028
10954848.9076026,4937.05558951621,23257.8491799138,17796.1876279979,2.2,0.029,0.277,0,-340.285065314326
10996587.2805256,5.34151248025972,82.323752001024,4165.05420996561,0.555555555555556,0.039,0.341,0,-3.54680397631743
10747710.2936384,5827.78481237974,11032.9812715094,236268.940277646,1.52083333333333,0.083,0.204,0,507.624092935329
10981200.6106433,709.917636090468,4871.49134387906,14057.9803768067,0.5,0.036,0.142,0,-134.143344630872
10996590.8714085,5.42016520714693,85.1859940603141,4158.52243226978,0.544444444444445,0.039,0.341,0,-3.69089148267541
10996145.6303557,486.364251053289,2212.71699034419,1995.28840283928,2.334,0.044,0.423,0,-29.4228571110377
10968395.8950614,1375.01252438731,3901.29794166457,27167.7944724992,1.58333333333333,0.036,0.142,0,47.6981943051634
10999718.1229031,105.851315157124,583.382393610483,432.643388142514,1.624,0.039,0.341,0,-12.0518862196186
10997428.8838939,941.278670329549,1203.43402615224,1266.40340960802,2.6,0.083,0.204,0,114.020856068035
10994100.9746326,102.772902637229,2087.40409188344,4548.84837296957,0.635416666666667,0.016,0.197,0,-96.2013285569262
10803510.85186,2524.39357657287,11538.7971978657,183265.957365518,0.71875,0.069,0.229,0,-155.611421161511
10839455.996717,4873.31920111853,12451.1740811349,144059.510000665,1.55208333333333,0.0555555555555556,0.192307692307692,0,245.398855320429
10981073.8333372,7173.80876702982,6434.40535473276,6157.9525410323,3.2625,0.072,0.134,0,1022.35192436251
10611163.3005394,36979.180408807,149396.313405466,203301.205646321,2.82,0.029,0.277,0,-1189.30509168637
10978173.7359028,592.416395295232,2999.04280144214,19074.804900505,0.802083333333333,0.036,0.142,0,-52.6807323470045
10195187.8375532,18232.5278674346,75724.4090030905,711695.225576106,0.770833333333333,0.069,0.229,0,-700.606783732641
10994568.3626351,106.79048865674,2490.77047219094,3674.07640406705,0.5,0.016,0.197,0,-117.842723858617
10999863.6335231,122.511827341915,438.393475869776,415.461173680515,3.15,0.029,0.277,0,0.836135797975467
2310699.06576971,279148.048881163,596363.550153765,7814629.3351954,3.54,0.072,0.134,0,20549.1274645913
7663173.07653892,408186.973778481,1699628.29290237,1229851.65678024,3.58,0.029,0.277,0,-15929.4108847185
10948235.2731974,868.89224768174,5705.76250979641,46030.0720451336,1.5625,0.044,0.423,0,-149.886118274213
1678771.50008973,98029.6942782733,308764.087435371,8915274.71819666,2.8,0.072,0.134,0,1699.56261136915
10687736.2755127,12829.8673105348,28941.0413909398,271332.815785689,1.71875,0.069,0.229,0,859.528808468547
10954992.0380301,2721.25434111159,7701.3971717091,35425.3104571011,1.48958333333333,0.036,0.142,0,95.4660976580862
10995092.7870038,257.994885780436,2804.64321302821,2684.5748973983,0.833333333333333,0.016,0.197,0,-106.196570474176
10908119.1040172,5724.51557544523,27715.374281896,59281.0061254097,0.5,0.0555555555555556,0.192307692307692,0,-438.824232362204
10742737.6222424,20049.1315780329,84010.4674888415,154042.778690726,2.67,0.029,0.277,0,-816.203778335922
10978684.6180888,183.287840319423,3899.58127943117,18072.5127913874,0.916666666666667,0.025,0.478,0,-181.359890685041
10351098.9127955,35135.7621573104,81572.9407624499,533032.384284762,1.11458333333333,0.083,0.204,0,2225.0907110236
10894637.9240952,6437.13554902801,46745.3056769626,53019.6346788509,1.28,0.029,0.277,0,-1363.36026696423
5124729.52341434,478888.518270588,2890899.09356619,2506322.86474888,3.255,0.029,0.277,0,-68519.8181203905
10947226.4243898,3053.60015452479,9532.64171332555,41027.3337423169,1.30208333333333,0.036,0.142,0,57.6329974026227
10979221.2966551,2767.93171843386,11304.6206044893,7546.15102200786,2.62,0.029,0.277,0,-97.631233706192
10824274.8864272,6251.10556116995,25729.0557914944,144584.952220089,0.5,0.083,0.204,0,-227.252439328817
10859420.903645,2921.09361744771,8595.06423819965,129902.938499297,1.29166666666667,0.0555555555555556,0.192307692307692,0,84.2335019984187
10968840.1109108,412.92948718354,7566.73596277727,24020.2236392602,0.5,0.044,0.423,0,-340.931574879699
10997052.532395,29.1828937020086,467.99592688517,3290.28878438923,0.52,0.039,0.341,0,-20.3883752684923
5786404.47511152,494130.095128545,2613819.77892045,2106485.65083948,3.43,0.029,0.277,0,-50192.092729615
10962715.9651728,7558.11320562969,14303.2432783836,16262.6783431806,2.124,0.069,0.229,0,658.816728923357
10860617.4395296,2830.39107532843,8435.19804972576,128956.971345269,1.27083333333333,0.0555555555555556,0.192307692307692,0,75.6610432754305
10980861.0519819,660.586105320478,4580.03912333926,14738.3227895046,0.5,0.036,0.142,0,-127.42978759945
10978384.252282,5418.204619232,7679.51872191925,9358.02437681971,2.222,0.083,0.204,0,615.290588090294
10998632.6881844,66.1452349662747,747.320480332059,1393.84610035011,0.708,0.039,0.341,0,-28.7975218035088
10523330.8286369,25583.7095294623,68180.151153982,383745.3106795,1.36458333333333,0.069,0.229,0,1132.14772449587
10670410.7410519,17369.7164066795,51590.9709729919,261468.571568272,1.21875,0.0555555555555556,0.192307692307692,0,474.141761011728
10953888.4414934,571.324986004084,4204.06553582337,42176.1679847007,1.375,0.044,0.423,0,-123.676327464982
10944998.1400142,3097.00061823298,9962.28435362739,42782.5750139078,1.25,0.036,0.142,0,42.1252928660851
11000008.6178473,100.715521260783,361.449139750794,369.217491674001,3.12,0.029,0.277,0,1.88705403811174
10773173.4232384,3185.383113269,9311.62516418514,215169.56848399,1.23958333333333,0.069,0.229,0,95.3026329959637
3968015.94793068,330592.838910392,556952.841892937,6145278.37126603,3.21,0.072,0.134,0,32634.1501003924
10819730.4020165,7337.0720469644,17454.7401175978,156317.785818809,1.70833333333333,0.0555555555555556,0.192307692307692,0,441.281793573014
10874530.3732459,2817.09347112145,24583.4114041242,98909.1218788964,1.10416666666667,0.044,0.423,0,-824.026315923616
10997548.0608513,739.448637982669,1454.13352997048,1098.35698080253,2.46,0.036,0.142,0,61.4251697129885
10996673.2289646,10.6402439643653,178.558022120875,3977.57276927813,0.473333333333333,0.039,0.341,0,-7.8738233521867
10994411.7046018,403.251359682067,3634.5714461979,2390.47259227294,2.222,0.025,0.478,0,-124.364267901859
10985849.7884597,528.687769784788,7475.54603068988,6985.97773983191,1.25714285714286,0.025,0.478,0,-313.625762207322
10882192.7257195,2021.66850527454,9123.36352852851,107502.242246689,0.770833333333333,0.0555555555555556,0.192307692307692,0,-118.09380064126
10892932.2107013,6369.03542075567,47157.4546993677,54381.2991786155,1.25,0.029,0.277,0,-1394.571724671
10939656.1511962,1425.94730113915,8523.31654216648,51234.584960488,1.73958333333333,0.044,0.423,0,-199.278629460955
10898582.2038541,2769.51719163162,20742.0432902942,78746.2356639284,1.3125,0.044,0.423,0,-619.703635700604
10911319.896291,7578.07693515949,28982.1677202662,52959.859053572,0.583333333333333,0.0555555555555556,0.192307692307692,0,-152.750837062276
10105772.6441372,2963.24103264067,18399.8814894326,873704.233340518,0.5,0.069,0.229,0,-452.243760684905
10729288.3185492,7470.65971995558,17896.3773994932,246184.644331257,1.61458333333333,0.069,0.229,0,442.393939471523
10349573.2217571,27954.5460693302,89159.5233730582,534152.708800316,1.08333333333333,0.069,0.229,0,422.490811268372
10981787.1086506,120.672848561275,2858.05037075171,16074.1681301823,0.5,0.016,0.197,0,-135.579381781996
10996576.7929491,5.1259996471232,74.6832668642855,4183.39778442899,0.588888888888889,0.039,0.341,0,-3.16306288802316
10999685.9707804,149.842279902632,532.595386896734,471.591552763921,3.18,0.029,0.277,0,-2.35593369056868
10819218.9962062,380.332318886729,7062.26369144286,174178.407783526,0.5,0.044,0.423,0,-319.213044539105
10982441.54301,2418.70987760371,9646.90285735407,6332.84425509317,2.7,0.029,0.277,0,-74.0894443344502
10917497.5230059,755.182412143884,5323.69478353426,77263.5997984425,0.5,0.036,0.142,0,-150.526154410063
10953276.5703672,797.657711515502,11188.4042373302,35577.3676838356,1.375,0.025,0.478,0,-468.167022894985
10867689.5768226,2423.35928365321,43231.0641213905,87495.9997723817,0.5,0.029,0.277,0,-1935.14901379564
10976431.8163082,658.042941768057,2734.67627142047,21015.46447863,1.0,0.036,0.142,0,-25.3792731881199
10934687.103844,560.849884593027,12831.3837573594,52760.6625139477,0.8125,0.025,0.478,0,-605.026135660218
10925194.7617826,171.685677476847,6441.07519595751,69032.4773438666,0.5,0.025,0.478,0,-324.791109201026
10503870.9154259,5420.94968234236,32351.5689271758,459196.565964464,0.5,0.0555555555555556,0.192307692307692,0,-754.734602489594
10062947.2444711,2249.8050398203,9912.56572908751,925730.384759942,0.5,0.083,0.204,0,-118.101630804503
10971110.1862307,1073.03478754543,3288.64783827952,25368.1311434644,1.4375,0.036,0.142,0,23.6460960841186
10977389.3224638,4795.2625710594,9218.39101630352,9437.02394883943,2.18,0.0555555555555556,0.192307692307692,0,409.984236466487
10990701.6120938,285.257276692092,2318.87876007231,7534.2518695367,1.625,0.016,0.197,0,-73.9703786288262
10872228.0411666,3104.57808702717,47197.6017678024,78309.778978588,0.5,0.029,0.277,0,-2017.97385108286
10965690.3859793,297.75729772096,4744.44416499632,30107.4125579437,0.604166666666667,0.044,0.423,0,-206.328297137318
10957184.1542409,437.452082616468,3589.9563182427,39628.4373582307,1.21875,0.044,0.423,0,-115.336008297608
10916783.0451407,664.463751819513,4688.98003611947,78703.5110714242,0.5,0.036,0.142,0,-132.737016880744
10957799.9274044,761.951397399694,9863.33330858829,32414.7878895192,1.5,0.025,0.478,0,-401.430480582433
10990139.586972,1876.70649152902,4312.2060827079,4511.50045384748,1.97,0.036,0.142,0,121.349695722865
10282668.1694147,33343.0443343389,83110.5255383977,601718.260712583,1.01041666666667,0.083,0.204,0,1794.89053675429
10104805.522797,12647.5056475119,46595.9135691441,836791.057986356,0.583333333333333,0.083,0.204,0,-156.388028500331
10811039.6763018,11448.20907291,51065.6069559494,127286.507669335,2.53,0.029,0.277,0,-643.286690695348
10982307.0342107,149.103458094878,3351.32475738296,15032.5375738573,0.5,0.016,0.197,0,-157.512507349827
10976626.6268038,648.787320761898,2746.42001984714,20818.1658556281,0.979166666666667,0.036,0.142,0,-27.8050287011471
10892077.4189481,2410.31248229287,14699.9385297398,91652.3300398553,0.510416666666667,0.0555555555555556,0.192307692307692,0,-353.097419833216
10991612.2914206,227.432960001435,2058.58073220668,6941.69488723923,1.44791666666667,0.016,0.197,0,-70.628962188853
10987135.1263406,600.986868625662,7026.69088824413,6077.19590252796,1.57857142857143,0.025,0.478,0,-274.790908992613
10857543.6973272,3070.70937277941,8867.96902771892,131357.624272253,1.32291666666667,0.0555555555555556,0.192307692307692,0,97.7851569647581
10943773.2690109,5697.77582250708,28342.8090832575,23026.1460833373,2.06,0.029,0.277,0,-482.457199870286
10997506.4578739,75.2383626464686,613.883059099201,2644.42070435199,1.07,0.039,0.341,0,-19.6370828678618
6131872.94384213,153870.296422377,270360.322452456,4444736.43728308,2.34,0.072,0.134,0,14568.5286663943
10889602.4923863,6212.44241498223,47886.8571210641,57138.2080776667,1.19,0.029,0.277,0,-1469.71232145717
10980099.6136965,160.58502298584,4221.73024834969,16358.0710320898,0.739583333333333,0.025,0.478,0,-203.631576026753
10990992.1517152,266.09067704044,2229.35707395887,7352.40053386718,1.57291666666667,0.016,0.197,0,-72.6802727499828
10773630.506387,3132.91188435356,6851.01382334476,217225.567905303,1.23958333333333,0.083,0.204,0,221.843880221204
10996464.3539143,347.556433490837,2250.42751329363,1777.66213896497,1.984,0.016,0.197,0,-58.1836051712581
10964304.3570196,298.73460767456,4022.20234730639,32214.7060254031,0.71875,0.044,0.423,0,-166.05165705499
2835412.22127466,343239.340785657,635126.324649022,7187062.1132907,3.63333333333333,0.072,0.134,0,30724.4883434054
10973635.6186767,307.644498956959,4426.84618957069,22469.8906346807,1.375,0.025,0.478,0,-186.76231041461
10754016.7131753,5058.87862603529,9811.02309051774,231953.385108124,1.46875,0.083,0.204,0,427.785180732232
7155790.22835715,440265.538310697,875439.681695593,2529344.55163658,1.19,0.072,0.134,0,36032.9365618773
10844446.8657271,12696.7736298676,40075.2979228752,103621.06272012,0.5,0.083,0.204,0,215.299825583525
1248065.44613305,64814.7421148764,1725822.28339657,7962137.52835552,2.8,0.029,0.277,0,-83413.3385044029
10999702.7063639,157.877939643917,735.814036286056,243.601660203326,2.94,0.025,0.478,0,-10.5294302640634
1439464.66065388,8908.93978300949,32966.6353634201,9519499.76419978,2.8,0.072,0.134,0,-117.0928895185
10982808.9676206,210.523656398677,3691.86247979266,14128.6462432648,0.635416666666667,0.016,0.197,0,-164.616741841151
10176464.5699093,24943.1636279937,72706.8749446758,726725.391517991,0.8125,0.083,0.204,0,757.421085484197
10980482.260247,154.996160949117,4382.06179259002,15820.6817993788,0.6875,0.025,0.478,0,-213.625736616261
10774314.484102,3082.90743035744,6782.81297199277,216659.795495634,1.22916666666667,0.083,0.204,0,216.232677728873
10691027.5028426,12431.117556917,28013.332823608,269368.046776764,1.72916666666667,0.069,0.229,0,834.312589810208
10998674.3543637,71.226482481686,759.350111620609,1335.06904218098,0.728,0.039,0.341,0,-28.4884215106277
10996963.8885167,25.2810785146544,393.138989224738,3457.69141555865,0.54,0.039,0.341,0,-16.9781689644939
10862023.5990981,2618.82524833467,25193.2651114916,111004.310542148,0.989583333333333,0.044,0.423,0,-895.998023235733
10999606.5498922,107.975110810645,622.277361003424,503.197636048239,1.54,0.039,0.341,0,-13.8080123469345
10982292.4459216,4555.8495416043,6379.8340124406,7611.87052429545,2.264,0.083,0.204,0,521.678703482386
10996257.4468675,1.6176350906563,33.0578524396322,4547.8776448823,0.4,0.039,0.341,0,-1.52502228525239
10727311.3265219,7709.70305123358,18382.8156946974,247436.154732065,1.625,0.069,0.229,0,461.298462729769
10996784.5079405,425.254927505651,1906.40234116079,1723.83479083609,2.376,0.044,0.423,0,-24.1740913197533
10971047.7354774,395.752331977115,5143.48811071919,24253.0240798927,1.53125,0.025,0.478,0,-209.644866828644
10999623.0438221,337.787659256387,423.269212572132,455.899306053834,2.86,0.083,0.204,0,41.5378042746579
10920247.4452444,6656.85035954281,38331.6532432934,35604.0511527786,1.7,0.029,0.277,0,-845.088757385946
5165102.29359302,264304.951459196,411001.477390725,5160431.27755712,2.78,0.072,0.134,0,27993.8070572192
10998234.1946308,62.3849020304595,639.87794986085,1903.54251733034,0.86,0.039,0.341,0,-23.5507861745598
10980943.9845714,672.282769901208,4651.57620152328,14572.15645718,0.5,0.036,0.142,0,-129.141275762636
10816120.9046963,4566.48710982737,18987.4319343446,161165.176259459,0.5,0.083,0.204,0,-176.665547698699
10976381.8869865,231.302627271678,3928.16678920763,20298.6435969699,1.15625,0.025,0.478,0,-173.744244813356
10119020.8172067,15837.8382569065,54320.9632889603,811660.381247413,0.645833333333333,0.083,0.204,0,28.0197086817161
10991564.3302245,230.307646868347,2070.63402135521,6974.72810732436,1.45833333333333,0.016,0.197,0,-70.7409093819865
10986334.2433637,385.243311150342,3715.23614269513,10405.2771824319,1.26041666666667,0.016,0.197,0,-132.316888906767
10824789.8631742,675.027001445855,12522.5553848856,162852.554439552,0.5,0.044,0.423,0,-565.879019625322
10993695.6578421,1704.89705178203,2881.71998558751,2557.72512050856,2.502,0.069,0.229,0,167.73586149195
10890439.5483117,2258.29164549384,13373.8327527514,94768.3272900373,0.552083333333333,0.0555555555555556,0.192307692307692,0,-308.659720327561
10111458.293912,14209.0693878368,50465.5690340283,824707.067666124,0.614583333333333,0.083,0.204,0,-71.0574932424006
10488785.5863097,2905.85969991152,18331.1551872004,490817.398803115,0.5,0.0555555555555556,0.192307692307692,0,-459.491113852127
10162973.9787847,13791.0640455242,64039.7348693623,760035.2223003,0.666666666666667,0.069,0.229,0,-905.609156639081
10992306.2603482,3047.62039960542,2761.54797029515,2724.57128185574,3.24,0.072,0.134,0,429.608509906044
10971103.4803303,550.52670317735,9705.24589067519,19480.7470757772,0.5,0.044,0.423,0,-433.324127401678
10846475.9419935,5450.92051563897,37853.4332847227,111059.704206137,1.7,0.029,0.277,0,-1057.13995231423
10981631.557437,114.277188976599,2708.35286132628,16385.8125127746,0.5,0.016,0.197,0,-128.487927895585
10977247.059952,211.493360346735,3860.64793693039,19520.7987505878,1.07291666666667,0.025,0.478,0,-173.831378162328
10988409.2990856,385.986706903211,3126.60927977979,8918.10492781973,1.54166666666667,0.016,0.197,0,-99.4708524433669
10950401.6257064,746.523241727579,5082.63788669889,44609.2131651287,1.5,0.044,0.423,0,-138.823044751753
11000126.9939327,84.2920691902819,297.617572193854,331.096425870067,3.09,0.029,0.277,0,5.9043729278288
10645577.3567398,17195.0397081539,40514.5454806238,297553.058071309,1.60416666666667,0.069,0.229,0,1055.86463152705
10985831.9438033,3281.35160498898,6067.62480239316,5659.0797893484,2.306,0.0555555555555556,0.192307692307692,0,293.930829857904
10999627.9147526,125.632018464419,494.757460951206,591.695768014854,2.76,0.044,0.423,0,-3.3168674868336
8866512.88722599,479646.539586042,636995.039665797,1017685.5335222,1.97,0.072,0.134,0,56849.9291957674
10004366.3980497,122095.38808405,457645.805462502,416732.40840381,3.315,0.029,0.277,0,-1948.73374251117
10883260.1856199,16943.2021403105,40690.1554090142,59946.4568307535,1.38571428571429,0.069,0.229,0,997.827192564278
10996448.8749921,10.3368316600388,51.8297586563764,4328.95841759644,2.0,0.039,0.341,0,-0.892810302616745
1619877.25119295,75852.3991511688,249528.166042926,9055582.18361299,2.8,0.072,0.134,0,725.746305372992
10996544.2577523,4.61620348895309,57.0261721289988,4234.09987209317,0.7,0.039,0.341,0,-2.28089635319888
10981278.0341597,143.470078748324,4864.83298667806,14553.6627748608,0.572916666666667,0.025,0.478,0,-242.648354092988
1669437.46742439,94468.0400788933,299754.146778196,8937180.34571855,2.8,0.072,0.134,0,1512.51109866315
1457312.2100805,92297.911754671,2098063.79764703,7353166.08051782,2.8,0.029,0.277,0,-98807.4658427933
10043365.5839269,116075.018868257,437646.092919987,403753.304284896,3.28,0.029,0.277,0,-1993.41629810934
1497919.70325093,30663.519517689,109149.669078835,9363107.1081526,2.8,0.072,0.134,0,-167.517607379041
10997946.8837485,269.976111866047,1540.14042457042,1082.99971507578,2.306,0.016,0.197,0,-33.6441973415764
10995184.0923131,367.717242010542,3241.27150381774,2046.918941063,2.278,0.025,0.478,0,-109.350469065189
10999531.9028039,476.626664661911,385.766738999062,445.70379246711,3.045,0.072,0.134,0,70.4578923211043
10978087.0969274,594.766664434231,2975.78806481511,19182.3483434269,0.8125,0.036,0.142,0,-50.9616878466598
10996321.2420599,9.86620964849679,94.4423340763343,4414.44939635357,0.78,0.039,0.341,0,-3.34723105334022
10982246.8394057,911.882929885775,5719.39722887638,11961.8804356425,0.5,0.036,0.142,0,-142.403680195554
10823103.0114934,4386.20904032689,25645.052788343,147705.726677797,0.5,0.069,0.229,0,-581.282393826844
10981288.8135423,723.479062660937,4946.44760056756,13881.2597944961,0.5,0.036,0.142,0,-135.681555092772
10614012.7305754,16969.5152802863,56742.9633697275,313114.790774502,1.04166666666667,0.0555555555555556,0.192307692307692,0,110.979159529045
10985252.4368768,360.741914979398,3904.78072991332,11322.0404783088,1.10416666666667,0.016,0.197,0,-147.563800741048
10996220.996016,975.438181951121,1990.61291055483,1652.95289149461,2.334,0.036,0.142,0,76.9933289790269
10992264.0508896,190.398534973837,1919.73395820508,6465.81661724933,1.29166666666667,0.016,0.197,0,-70.0397860835975
10973885.486879,820.897640632165,2840.45667441417,23293.1588058993,1.23958333333333,0.036,0.142,0,0.062816920380058
10117973.5899255,4980.59989437713,30728.7194303815,847157.090749514,0.5,0.069,0.229,0,-749.327514879913
10778326.8905602,2882.10808922965,8833.14250766866,210797.858842707,1.16666666666667,0.069,0.229,0,63.3725676336839
10499015.9188685,51760.3576368987,205924.29786169,244139.425632956,2.9,0.029,0.277,0,-1493.65422619178
10999181.7391389,184.582953922598,889.948450494992,583.729456634602,2.7,0.016,0.197,0,-13.9433268909355
8280792.62326895,523288.219669903,771836.045527797,1424923.11153335,1.73,0.072,0.134,0,57752.9188447374
10494935.7850347,3846.14215953244,24137.7865561124,477920.286249535,0.5,0.0555555555555556,0.192307692307692,0,-601.343011375347
10868016.1408821,2361.1462896609,7754.30768311498,122708.405145041,1.125,0.0555555555555556,0.192307692307692,0,23.2710854139191
1458345.18135429,15944.1306613837,58248.3398109833,9468302.3481734,2.8,0.072,0.134,0,-169.161160759931
10997111.8954178,32.9062888917305,520.465151855433,3174.73314147492,0.508,0.039,0.341,0,-22.586177257257
10697356.1312126,11609.4446342957,26248.9518915183,265625.472261482,1.75,0.069,0.229,0,774.261553937018
10992183.8323276,194.748426910058,1933.94708884691,6527.47215667564,1.3125,0.016,0.197,0,-69.9904172059102
10810014.6633032,3434.27566339483,14003.9631142641,173387.097919101,0.541666666666667,0.083,0.204,0,-117.739375736706
10985891.0048138,377.455792486784,3805.14137342819,10766.398020349,1.19791666666667,0.016,0.197,0,-138.804644421787
10787584.9329402,2452.85798145141,6333.16706866605,204469.04200961,0.989583333333333,0.083,0.204,0,119.983567401872
10103583.9411016,2605.15163219073,16181.0453128807,878469.861953108,0.5,0.069,0.229,0,-397.947583240728
8499730.683008,512861.969193993,725099.63893196,1263147.70886605,1.82,0.072,0.134,0,58345.7493501132
10853039.7330424,4235.08242543424,36824.9699772241,106740.214554905,1.38,0.029,0.277,0,-1238.75834367584
10198972.2513183,18673.9536788505,76759.4325657762,706434.362436967,0.78125,0.069,0.229,0,-673.286400559579
10994669.8274635,113.654824970846,2585.48578463549,3471.03192690974,0.5,0.016,0.197,0,-121.782359325731
10996643.0598466,7.33081800820232,143.133543007997,4046.47579245166,0.4,0.039,0.341,0,-6.5435906558852
10770768.8412298,3347.2208224459,9598.10690985558,217125.831037776,1.27083333333333,0.069,0.229,0,110.52258784319
10999740.9316852,326.908461241867,509.411063463351,262.748790093602,2.9,0.036,0.142,0,34.5628105393554
10957403.2077453,2562.20845943481,7041.64824012187,33832.9355551409,1.55208333333333,0.036,0.142,0,101.525741485014
10968641.6801525,488.962655796349,5938.73424568449,25770.6229459667,1.64583333333333,0.025,0.478,0,-235.898087035936
4998817.80468671,472951.788575491,2938218.0519657,2590852.3547721,3.22,0.029,0.277,0,-72273.5041042102
10142233.9409452,10041.8890496484,52361.7971374834,796202.372867476,0.572916666666667,0.069,0.229,0,-977.872371867555
10996287.0530576,4.09634833712065,71.6630237086059,4477.18757032474,0.46,0.039,0.341,0,-3.19347807490315
10998774.132411,293.618695824783,1018.66116916254,753.58772404381,3.2775,0.029,0.277,0,6.42073518875771
10074857.3976678,4876.32419927748,21400.9159208081,899705.362212078,0.5,0.083,0.204,0,-251.079242286764
10909707.5502531,18170.1293543993,29135.6365520662,43826.6838404039,1.77142857142857,0.083,0.204,0,1875.58517577812
10776932.8531692,2905.40314245634,6553.94599357451,214447.797694788,1.1875,0.083,0.204,0,194.615091902624
10792566.2193459,2420.68464513034,6804.82334407874,199048.272664829,0.885416666666667,0.083,0.204,0,87.3935695556819
8793509.91388223,487820.815001804,655299.787751683,1064209.48336431,1.94,0.072,0.134,0,57403.1699319628
10795151.5927576,13516.3441059181,58542.0192118307,133630.04392462,2.57,0.029,0.277,0,-653.746776572628
10999340.6283334,203.764367717694,716.204816315314,579.402482597731,3.225,0.029,0.277,0,-3.7427576349927
10766438.7932142,3667.70218069062,10197.5275837209,220535.977021279,1.32291666666667,0.069,0.229,0,138.799935765149
10111093.1706602,3835.55677159748,23787.5211642146,862123.751403797,0.5,0.069,0.229,0,-583.834508670131
10966977.9526622,1549.4348597509,4264.20659223129,28048.4058858007,1.64583333333333,0.036,0.142,0,61.0772683900889
10374987.0374054,28347.4561427447,87788.6300673249,509716.8763843,1.125,0.069,0.229,0,574.249655638119
10847113.0699355,4041.13416858684,10766.0195491089,138919.776346702,1.46875,0.0555555555555556,0.192307692307692,0,179.014829594646
10999733.8445417,142.440396534884,507.197328607982,456.517733206709,3.1725,0.029,0.277,0,6.50907974912477
10636707.2583503,20862.526274542,37829.7698905545,305440.445484523,1.57291666666667,0.083,0.204,0,1910.38325155266
10929066.3708425,290.165967903727,10243.7788285674,61239.6843608601,0.510416666666667,0.025,0.478,0,-513.315762997649
10960381.2897734,346.491320377194,3346.88084076268,36765.3380654079,1.02083333333333,0.044,0.423,0,-119.297792437647
10989096.1136679,373.641227932602,2885.14229640131,8485.10280784978,1.63541666666667,0.016,0.197,0,-88.4321598032389
10830597.3427948,8233.9091447571,42833.1909643403,119175.557096079,2.26,0.029,0.277,0,-797.249978283973
10819692.3260981,405.348249979697,7526.44806805891,173215.877583961,0.5,0.044,0.423,0,-340.21428998405
10893339.45942,2588.72666074975,15800.0458005585,89111.7681186258,0.5,0.0555555555555556,0.192307692307692,0,-379.925244829725
10968394.1841029,7536.46943242169,10952.0302221844,13957.3162424599,2.138,0.083,0.204,0,840.822300894099
10890034.334099,2231.81845613559,13070.995910875,95502.8515339355,0.5625,0.0555555555555556,0.192307692307692,0,-296.932744756732
10807053.4734466,9019.888893093,21001.099218398,163765.538441752,1.71875,0.0555555555555556,0.192307692307692,0,567.829951894832
10929876.0540747,1926.594115358,11974.517584218,57062.8342257588,1.625,0.044,0.423,0,-294.760068527989
10892910.0512371,2526.3290677446,15424.542916792,89979.0767783342,0.5,0.0555555555555556,0.192307692307692,0,-371.027533139203
10845587.7023624,2066.63885736837,23711.4882319635,129474.170548311,0.8125,0.044,0.423,0,-919.864805499003
10965068.9898366,1798.85525867378,4785.88121953014,29186.2736851428,1.71875,0.036,0.142,0,80.0555893502794
1634669.74928631,115943.170808731,2348280.13035617,6901946.9495488,2.8,0.029,0.277,0,-108165.002255471
6537248.09358536,107931.885254412,435598.237036734,3920061.78412352,0.5,0.072,0.134,0,-3442.50527640454
10805879.8112639,3001.76980748461,11274.8554836099,180683.563444921,0.614583333333333,0.083,0.204,0,-49.0997207727676
10999306.6854171,402.582785281133,714.308584759219,416.423212846659,2.76,0.036,0.142,0,37.7324224103037
10518043.1531434,8444.75726413749,42063.5573855773,432288.532206817,0.614583333333333,0.0555555555555556,0.192307692307692,0,-712.859164861103
2553825.81378859,315186.610078336,626036.222389272,7505791.35374385,3.58666666666667,0.072,0.134,0,25834.1389733899
10832565.7196888,5688.49147365085,14110.1466168453,148475.642220606,1.61458333333333,0.0555555555555556,0.192307692307692,0,310.028221043809
10690666.8585993,101726.603227483,101286.788234283,107159.749938938,2.76,0.072,0.134,0,13935.7395061217
10993007.0267394,152.862233880052,1842.78591836104,5837.32510842231,1.07291666666667,0.016,0.197,0,-72.9798512948526
10650121.6045163,17508.1261273138,54106.5732741638,279103.696082169,1.15625,0.0555555555555556,0.192307692307692,0,361.065829269299
10996101.0108499,361.545950016729,2413.23942978712,1964.20377034407,1.914,0.016,0.197,0,-64.5344208697611
10997285.398093,60.1108760531267,609.749325196681,2884.74170578918,0.77,0.039,0.341,0,-22.3169878680142
10677334.2640632,14011.3909220708,31871.0113859813,277623.333628654,1.6875,0.069,0.229,0,923.958721932957
10959617.3336668,738.564698305547,9265.03343091473,31219.0682039652,1.55208333333333,0.025,0.478,0,-372.681175231875
10982566.0166739,182.494150375403,3556.70368052046,14534.7854952755,0.5625,0.016,0.197,0,-162.503694351297
10316148.9416283,34515.4197540626,82960.6949158525,567214.943701767,1.0625,0.083,0.204,0,2028.67275316379
10829236.0207287,995.449029336907,16723.375142036,153885.155099992,0.53125,0.044,0.423,0,-737.630669467166
10835569.2102553,1502.11749752452,20579.9248889588,143188.747358289,0.666666666666667,0.044,0.423,0,-854.451032550413
10995057.8756203,1409.74138568054,2355.04629379162,2017.33670020955,2.544,0.069,0.229,0,140.200846723159
10723374.755706,9211.20711800873,16385.4812796641,251868.555896317,1.66666666666667,0.083,0.204,0,861.085979664369
10803843.0970854,66442.1241996906,64578.997525375,65975.7811895383,2.8625,0.072,0.134,0,9191.96738700013
10754945.3613291,18518.5739409382,78030.0392940187,149346.025435902,2.65,0.029,0.277,0,-770.75779547467
10099004.5156186,11165.9600720755,42755.2741865748,847914.250122703,0.552083333333333,0.083,0.204,0,-228.046550291425
10986924.580374,3104.33271618235,5458.04144188477,5353.04546794062,2.362,0.069,0.229,0,293.746798355419
10967887.4122091,520.080489010709,6206.58808023532,26225.919221567,1.67708333333333,0.025,0.478,0,-244.809709016571
6742766.74824345,268970.749935044,746881.024090146,3242221.47773138,0.56,0.072,0.134,0,10234.7144006643
10973008.5501182,327.68576306438,4583.54273696727,22920.2213816747,1.41666666666667,0.025,0.478,0,-191.610910830362
5253013.65999989,483982.364290287,2840635.29322258,2423208.68248724,3.29,0.029,0.277,0,-64735.3489740292
4014287.04711631,328479.132186237,552744.678313522,6105329.14238398,3.175,0.072,0.134,0,32464.1094678256
10820734.4318069,460.424294767375,8548.27039937177,171096.873499008,0.5,0.044,0.423,0,-386.332317732898
1635235.22618972,81580.7154847975,265515.835947969,9018508.22237756,2.8,0.072,0.134,0,937.755717137402
10972527.1273823,935.938831497009,3029.95138680025,24346.982399431,1.34375,0.036,0.142,0,11.6673027273756
10992017.5874313,203.951172775203,1966.21181393742,6652.24958205525,1.35416666666667,0.016,0.197,0,-70.0121069917997
10811909.6742863,3724.9432509404,15485.7790556688,169719.603407044,0.510416666666667,0.083,0.204,0,-144.006587936984
10982378.9048493,157.836070020814,5891.39897959583,12411.8601010241,0.5,0.025,0.478,0,-296.940563591318
10986338.1775902,562.165401415085,7323.82865458905,6615.82835383088,1.38571428571429,0.025,0.478,0,-298.768984494842
10999558.6303264,208.474402268368,623.60877920308,449.286492176926,2.92,0.016,0.197,0,5.4472106591778
10878296.2418358,2031.48731895015,8217.28480585167,112294.986039337,0.875,0.0555555555555556,0.192307692307692,0,-65.9390035452764
10933357.0912041,12269.8092451091,24490.4331145483,30722.6664362,1.97,0.069,0.229,0,998.951613518129
10935074.5509191,2967.34716468244,11168.6117341563,51629.4901820982,1.01041666666667,0.036,0.142,0,-49.8258641256203
10863438.9228786,2631.94831818833,8107.43766743342,126661.691135725,1.21875,0.0555555555555556,0.192307692307692,0,55.7319806706598
10827808.9087229,858.000273755904,15455.9732566299,156717.117746716,0.5,0.044,0.423,0,-693.671797889418
10785253.2881375,11281.4733854091,27193.6440297008,177111.594447267,1.61458333333333,0.0555555555555556,0.192307692307692,0,658.83784008319
10772386.481897,3237.00416355482,9401.3791671329,215815.134772211,1.25,0.069,0.229,0,100.189313937386
10973655.9108159,5627.39427148229,10365.0790136468,11191.6158989728,2.208,0.069,0.229,0,506.331136697071
10986940.7555536,391.302309542235,3569.16822468835,9938.77391215997,1.34375,0.016,0.197,0,-123.038560484271
10999931.4252648,97.8333882990477,326.839720051654,483.901626891275,2.88,0.044,0.423,0,0.652175532735386
10996650.1489091,8.16136714987685,152.506463120073,4029.18326065604,0.42,0.039,0.341,0,-6.90277831139969
10997584.3834938,73.5727628899893,609.157997110399,2572.88574621647,1.084,0.039,0.341,0,-19.6936438006439
10884211.7502363,20008.5688363187,36413.561933128,60206.11899417,1.38571428571429,0.083,0.204,0,1824.90633015232
10459790.237078,27774.4700083848,78719.7354286557,434555.55748477,1.26041666666667,0.069,0.229,0,967.989339608986
10998424.7581971,61.3480516414323,681.777478720349,1672.11627259176,0.788,0.039,0.341,0,-26.0787036296045
10986011.2571609,3286.11323474731,5801.24204929672,5741.38755504029,2.348,0.069,0.229,0,309.745511222593
10996367.9426767,465.305507060269,2106.47000636222,1900.28180989059,2.348,0.044,0.423,0,-27.5479400385015
10745964.9978698,5577.48887218098,14032.813198051,235264.70005987,1.51041666666667,0.069,0.229,0,292.971606114305
10971766.1721533,1007.57395650591,3162.36797599615,24903.8859142372,1.39583333333333,0.036,0.142,0,18.0873390430175
10922848.8544042,13821.882011877,28017.7949282267,36151.4686556262,1.928,0.069,0.229,0,1101.51010683056
10622733.3540837,19200.808363331,46372.6679652194,312533.169587578,1.55208333333333,0.069,0.229,0,1116.24736567052
10765518.0139663,3740.32092835906,10337.2774828509,221244.387622328,1.33333333333333,0.069,0.229,0,144.950253078644
1455342.34889051,14825.6290913478,54271.5186883618,9476400.50332985,2.8,0.072,0.134,0,-163.359141656585
10996677.1377238,293.03205572636,2461.7637023345,1408.06651813072,2.404,0.025,0.478,0,-80.4263616936359
11000243.7377929,76.3622443192986,226.807260903493,293.092701910389,3.0525,0.029,0.277,0,-0.329149878874185
10971988.7481867,694.900548407813,10450.8672101112,17705.484054783,0.5,0.044,0.423,0,-446.920808145239
10776069.0023974,75250.7681342265,73607.7295678833,75912.4999005051,2.8375,0.072,0.134,0,10381.4272053286
10996611.6021241,5.91739659662329,104.395954103724,4118.08452524661,0.483333333333333,0.039,0.341,0,-4.66205283031983
10997901.0181869,66.7406971920876,606.245932561265,2265.99518334356,0.98,0.039,0.341,0,-20.8438615024341
10871555.4219837,2940.7858876685,46672.8193123525,79670.972816342,0.5,0.029,0.277,0,-2025.27242320501
10737013.0389614,7245.16751304681,13283.523189573,243298.270335944,1.59375,0.083,0.204,0,655.292219934397
10993633.3830387,124.233293831712,1899.4905143889,5182.89315316791,0.84375,0.016,0.197,0,-81.6369199348001
10998255.6137749,62.2085540541432,643.66353748441,1878.51413358227,0.852,0.039,0.341,0,-23.7957369420377
10998794.1282439,84.1340950717973,776.740321279367,1184.99733980452,0.868,0.039,0.341,0,-26.9724552741569
10985391.1905792,364.960887403292,3886.47412791737,11197.374405521,1.125,0.016,0.197,0,-145.742179018989
10996051.490347,1004.3828869818,2058.29848978584,1725.82827624035,2.32,0.036,0.142,0,78.8061382986391
10833240.162562,6051.17775012916,34440.5351461471,127108.124541635,0.5,0.069,0.229,0,-749.635840519606
10994928.273623,170.157903235924,2787.71286564466,2953.85560815249,0.5,0.016,0.197,0,-122.159581524953
10999975.2454508,210.005091668633,320.389423367499,334.360034172443,2.94,0.083,0.204,0,22.5047342078184
10887637.4471822,2122.90304731342,11493.8033659176,99585.8464045051,0.625,0.0555555555555556,0.192307692307692,0,-230.345084024774
10779018.5714964,2846.29639866325,8785.07363607987,210190.058468711,1.15625,0.069,0.229,0,59.3825862445815
10999566.1284881,132.779084403174,526.92553026029,614.166897210413,2.74,0.044,0.423,0,-3.66639061749371
10793007.5612685,2417.73485314526,8996.63731714176,196418.066561085,0.916666666666667,0.069,0.229,0,-34.9399306461722
10986315.5465805,2163.88170504027,5686.96726478137,6673.60444978799,1.45,0.036,0.142,0,100.186855258023
10940294.4550571,1381.31243582264,8299.72122338715,50864.5112837139,1.72916666666667,0.044,0.423,0,-195.454081090188
10899896.5686244,6599.64662119867,45331.3562580706,49012.4284963107,1.37,0.029,0.277,0,-1241.96321728273
10999063.9522468,101.643936143803,761.02367647272,913.380140551132,1.12,0.039,0.341,0,-22.7316586517504
10984703.58738,1990.88018136032,6185.13556829941,7960.39687040039,1.06428571428571,0.036,0.142,0,39.2648385221159
10981567.4132125,111.660202526399,2646.60085310375,16514.3257319676,0.5,0.016,0.197,0,-125.554380044896
10881806.1155649,2019.6962880354,9008.31597009197,108005.872176905,0.78125,0.0555555555555556,0.192307692307692,0,-112.04558456918
10997818.1622295,442.383473846917,1533.85581362422,1045.5984830481,3.2375,0.029,0.277,0,-8.98607130969347
10996660.8910648,9.35324408704073,165.361168800998,4004.39452237111,0.446666666666667,0.039,0.341,0,-7.38782577105295
8755062.95977503,300911.631494675,1120819.78035497,824045.628375339,3.64666666666667,0.029,0.277,0,-4394.85527771053
10994283.0916833,96.2136428897397,2221.72816352825,4238.96651029348,0.541666666666667,0.016,0.197,0,-104.925477133071
10998298.2419883,61.8972486978225,651.866772459703,1827.9939904898,0.836,0.039,0.341,0,-24.3129916518972
10949438.1407672,802.40648556254,12105.9779214917,38493.4748256599,1.27083333333333,0.025,0.478,0,-518.233428406015
10821334.6213198,7123.11611365742,17022.0871889752,155360.175377489,1.69791666666667,0.0555555555555556,0.192307692307692,0,424.105820525531
10490298.3467628,3134.70031277011,19762.5498125031,487644.403111882,0.5,0.0555555555555556,0.192307692307692,0,-495.115677711131
10970849.5293578,403.052427506143,5205.04157735202,24382.3766372923,1.54166666666667,0.025,0.478,0,-211.666947122341
10573480.1136386,41923.5161392742,168331.830049353,217104.540172795,2.85,0.029,0.277,0,-1282.33617891327
10994028.2149263,2419.55643866237,2201.27864248349,2190.94999256017,3.2175,0.072,0.134,0,345.649339024355
10993502.2431334,130.124224576801,1873.85789648525,5333.77474566156,0.895833333333333,0.016,0.197,0,-79.0789121452415
10667505.1248927,17285.1452572041,30388.6701151694,285661.059734849,1.64583333333333,0.083,0.204,0,1635.94603497582
10999293.9791405,179.870634885552,823.546144830322,542.604079796754,2.76,0.016,0.197,0,-11.1590022527149
10989836.8753338,345.490065736474,2612.18134270897,8045.45325778443,1.73958333333333,0.016,0.197,0,-78.6867889723421
1298083.22916394,71310.3055070505,1823690.12059698,7807756.34473205,2.8,0.029,0.277,0,-87603.8793518274
10793564.8154862,2413.65388559883,9066.61306998467,195794.917558077,0.90625,0.069,0.229,0,-39.5796884070097
10780386.8138331,11723.7584725049,28522.6891608021,180206.738533527,1.59375,0.0555555555555556,0.192307692307692,0,669.969372762976
10978278.8228591,1530.60820697163,9860.8752481008,11169.6936858573,1.45,0.044,0.423,0,-253.462858825814
10975173.8201305,262.464598508397,4103.32351918028,21300.3917517201,1.26041666666667,0.025,0.478,0,-177.477933286653
10687303.7237415,17031.3655305274,49018.9491079441,247485.961619957,1.27083333333333,0.0555555555555556,0.192307692307692,0,551.928081100976
10966708.9201758,6866.52082227057,12875.8614784437,14388.6975234682,2.152,0.069,0.229,0,605.150322391002
10942652.6384759,1220.35847641029,7490.09213108264,49476.910916578,1.6875,0.044,0.423,0,-181.428016338806
10982175.6383576,139.012199901251,3229.57511902934,15295.7743234989,0.5,0.016,0.197,0,-152.683436130817
10963666.8152425,301.663552073758,3797.6499612771,33073.8712441763,0.770833333333333,0.044,0.423,0,-152.972155924227
10994339.7900161,96.2984113500973,2272.80417580109,4131.10739673056,0.510416666666667,0.016,0.197,0,-107.752319793136
10527852.8066883,30179.922316099,60196.0185065021,382611.252489009,1.375,0.083,0.204,0,2459.62871924868
10922916.4901556,1725.21930307102,9508.85194078932,66689.4386005934,0.604166666666667,0.036,0.142,0,-196.50396697401
10799490.7550663,2597.11704747808,8415.8101831956,190336.317702958,0.739583333333333,0.083,0.204,0,32.0338267263776
10790595.9446916,2418.11967474907,6561.09919607854,201264.83643749,0.927083333333333,0.083,0.204,0,100.4713130974
10985746.1100552,374.253920531074,3831.05331359876,10888.5827107366,1.17708333333333,0.016,0.197,0,-140.861881882572
10985602.8323235,370.755184464774,3854.84962753882,11011.5628645687,1.15625,0.016,0.197,0,-142.859542943242
10663634.3151269,17449.1545960459,52504.2349994085,267252.29527752,1.19791666666667,0.0555555555555556,0.192307692307692,0,438.766930007341
10933686.273225,524.198167616015,12597.0553548987,54032.4732523377,0.770833333333333,0.025,0.478,0,-599.046539539651
10996298.4871947,5.2361225772898,83.2387345159949,4453.03794814551,0.486666666666667,0.039,0.341,0,-3.61843775999353
10999939.7926241,110.96459042286,398.01794296502,391.224842507422,3.135,0.029,0.277,0,-0.639274152348495
10917690.773295,779.891648905195,5495.18287429901,76874.1521818623,0.5,0.036,0.142,0,-155.322696365766
10578288.0433069,15280.4551748701,56281.7240479714,350989.777470109,0.916666666666667,0.0555555555555556,0.192307692307692,0,-188.243381563517
10794481.2798777,10388.8162449459,24612.4503605024,171357.453516771,1.65625,0.0555555555555556,0.192307692307692,0,630.536178906591
10998680.8620783,179.000109790764,1369.74275276804,610.395059166868,2.66,0.025,0.478,0,-41.6586996630674
10140480.7747131,19810.2422949946,63001.1323887879,777547.850603074,0.71875,0.083,0.204,0,309.602700539757
10994413.7921482,99.281768034606,2343.53018811971,3983.39589567064,0.5,0.016,0.197,0,-111.098092526002
10980229.7602576,588.033154993134,4043.73759039032,15978.4689970752,0.541666666666667,0.036,0.142,0,-111.583616995887
10783372.9696504,2574.62646768081,6257.1406246705,208635.263257236,1.07291666666667,0.083,0.204,0,147.428336933589
10420530.8747927,28385.8390934693,83703.81789784,468219.468215779,1.19791666666667,0.069,0.229,0,808.669933822082
1010402.90090483,35075.4500854647,1163267.5294302,8792094.11957952,2.8,0.029,0.277,0,-57878.0120469466
10860946.3282675,2593.62423414516,25187.3258263284,112112.721672132,0.979166666666667,0.044,0.423,0,-900.523520744572
10983109.841413,1247.10717579837,6250.02922179291,10233.0221895445,0.5,0.036,0.142,0,-107.395874592032
10947912.8503759,797.532863481039,12410.0114043581,39719.6053562249,1.22916666666667,0.025,0.478,0,-536.098418520583
10926321.7044622,201.366669271912,7553.82557697755,66763.1032914223,0.5,0.025,0.478,0,-380.930584663351
10938833.6334525,3083.90037664359,10869.8488220992,48052.6173487675,1.10416666666667,0.036,0.142,0,-10.8364919813741
10069217.508253,3628.26327419412,15968.9115382903,912025.316934537,0.5,0.083,0.204,0,-189.415063896903
10884512.2962135,2047.26752983893,9950.31082292583,104330.125433671,0.708333333333333,0.0555555555555556,0.192307692307692,0,-159.029291751135
10990108.482601,2458.67450865519,4254.11652914726,4018.72636116597,2.418,0.069,0.229,0,236.533896291164
10995258.1498683,807.96314698435,2914.65508358501,1859.23190112234,3.075,0.029,0.277,0,-2.11542887484912
10974778.5899672,273.507169624474,4177.06108551031,21610.841777582,1.29166666666667,0.025,0.478,0,-179.476931317285
10951367.1434552,695.094292716333,4821.91001717701,43955.8522348951,1.46875,0.044,0.423,0,-134.201990624486
10978228.4713407,191.614000896016,3862.52563899242,18557.3890193921,0.96875,0.025,0.478,0,-177.691755464973
10999804.0800167,446.618298852708,233.398998243255,355.902686243422,3.015,0.072,0.134,0,74.1803046190199
10479216.4476493,27260.2696440804,75805.388846185,418557.893860291,1.29166666666667,0.069,0.229,0,1030.93497874563
10365367.2954139,35223.874260214,80686.5138919572,519562.316433883,1.13541666666667,0.083,0.204,0,2291.25107333832
10986595.8592751,576.743701666312,7233.55518908405,6433.84183418383,1.45,0.025,0.478,0,-290.954910843119
10744900.1085686,14433.5826091632,37482.8488272035,204023.459994941,1.45833333333333,0.0555555555555556,0.192307692307692,0,693.335142662428
10759301.3089901,13439.0635263978,34005.2988633939,194094.328619971,1.51041666666667,0.0555555555555556,0.192307692307692,0,695.18270857336
10986635.6839059,388.894631421212,3645.73441000003,10169.6870527215,1.30208333333333,0.016,0.197,0,-127.760028203225
10964431.0212738,298.351886173235,4074.02894844846,32036.5978915899,0.708333333333333,0.044,0.423,0,-168.964655423055
10979863.2960608,164.112691635722,4140.98774602803,16671.603501466,0.770833333333333,0.025,0.478,0,-198.492331670516
9152001.0997385,441249.174938543,562675.084861927,844914.640461063,2.06,0.072,0.134,0,53595.6190648106
10996882.9130761,329.024064950586,2057.13697909996,1570.92587985731,2.068,0.016,0.197,0,-51.009594562056
10991515.7390297,233.240329773073,2083.06345862942,7007.95718201183,1.46875,0.016,0.197,0,-70.8807290629621
10909017.581639,6729.30818141538,42452.208394462,42640.9017851734,1.52,0.029,0.277,0,-1068.77731955329
10985264.251192,2093.9730724276,8181.12387593666,5300.65185970711,2.78,0.029,0.277,0,-58.4516224328548
10492023.1367985,26846.0283784782,73732.1388541728,408238.695968658,1.3125,0.069,0.229,0,1066.46425865701
10884899.9932294,2053.9024335633,10113.2644344288,103772.839902598,0.697916666666667,0.0555555555555556,0.192307692307692,0,-166.777893348098
10708805.7533774,10064.4557632595,23148.2788976119,258821.51196161,1.70833333333333,0.069,0.229,0,649.476842058873
10929816.3168063,2631.59540770605,11119.0470384807,57273.0407475575,0.864583333333333,0.036,0.142,0,-111.643814496403
10901182.7163225,3819.29563223343,22561.8353701492,73276.1526750852,0.5,0.0555555555555556,0.192307692307692,0,-518.963596921666
10989764.0942497,349.778231331753,2638.66802711351,8087.45949195943,1.72916666666667,0.016,0.197,0,-79.3275867646851
10726548.7301283,15500.0674571583,41585.8266934382,217205.375721004,1.39583333333333,0.0555555555555556,0.192307692307692,0,670.507781617145
10971537.8571851,601.710782258049,10090.7761269124,18609.6559057389,0.5,0.044,0.423,0,-444.826258957786
10875151.4786857,4168.71619880151,48787.0871526339,72732.7179629015,0.62,0.029,0.277,0,-1909.50515401504
10989322.2005484,1591.67264204861,6061.93032413127,3864.19648546655,2.875,0.029,0.277,0,-33.0811749909896
10971433.3143792,381.761806098275,5026.10837411312,23998.8154405401,1.51041666666667,0.025,0.478,0,-205.777690096667
10355866.0047282,28077.7794784521,88886.3606433555,528009.855149773,1.09375,0.069,0.229,0,461.448006152773
10999646.8488614,142.399133210275,788.083589621871,262.668415745765,2.92,0.025,0.478,0,-16.375116960417
10919229.0347735,984.836347035733,6851.71211460538,73774.4167648643,0.5,0.036,0.142,0,-191.269492571004
10997838.1274225,843.482300968969,1398.27144035298,760.118836167193,2.72,0.0555555555555556,0.192307692307692,0,84.5787462673626
1486765.56038211,26519.3854170695,95082.4395566565,9392472.61464423,2.8,0.072,0.134,0,-182.498768260378
11000281.1035237,82.6116469469102,195.463203540744,280.821625794072,3.0375,0.029,0.277,0,-0.289195524278225
10981879.8250622,124.566326899136,2947.19423729032,15888.4143736438,0.5,0.016,0.197,0,-139.781627933742
10862337.6578033,2706.73207787809,8226.61529642446,127568.994822335,1.23958333333333,0.0555555555555556,0.192307692307692,0,63.487370898818
10976152.4952742,236.910984780087,3954.89048381176,20495.7032571175,1.17708333333333,0.025,0.478,0,-174.158933925326
10774706.5327948,3088.71525180221,9148.69500959233,213896.056943681,1.21875,0.069,0.229,0,85.8222512586364
10996814.5756292,332.227538634115,2089.10120642408,1604.0956257937,2.054,0.016,0.197,0,-52.1638722984999
10451933.36024,33869.2173091744,71926.9676812682,443110.454769538,1.26041666666667,0.083,0.204,0,2517.59752707073
5759857.41610754,207434.845674876,317393.785000929,4716153.9532167,2.61,0.072,0.134,0,22257.1155857456
10992659.1215585,1534.85066753321,3376.47660635405,3269.55116763233,2.096,0.036,0.142,0,107.575850674892
10996141.8558881,1653.61536140557,1514.45459612956,1530.07415432684,3.18,0.072,0.134,0,234.775284918963
10774986.1704155,3035.23248344702,6719.10031480638,216099.496786262,1.21875,0.083,0.204,0,210.277756173236
10312915.140957,26877.8573492591,89791.3428714364,571255.658822092,1.02083333333333,0.069,0.229,0,180.305168281554
10996256.9370886,1.58191385470073,32.32837409308,4549.15262342674,0.4,0.039,0.341,0,-1.49199272016323
10809003.0877391,8782.08442645877,20440.3739569689,162614.4538774,1.72916666666667,0.0555555555555556,0.192307692307692,0,553.244717493061
10983879.9063427,6150.03912048886,5510.43542829337,5299.61910848796,3.2875,0.072,0.134,0,875.778669262263
10996950.6563668,325.779590191864,2025.29746574599,1538.26657727658,2.082,0.016,0.197,0,-49.8619321954739
10242449.3210761,22836.5778786938,85213.6296912477,650340.471353764,0.885416666666667,0.069,0.229,0,-342.495702762436
4967196.90380178,279856.484496495,440146.560217872,5313640.0514839,2.83,0.072,0.134,0,29363.6790835776
10833893.2245095,8541.91387946952,33361.6923751751,125043.169235821,0.5,0.083,0.204,0,-210.640257939417
10309318.389065,34323.9791490153,83091.1898197263,574106.441966221,1.05208333333333,0.083,0.204,0,1984.69026310872
10999394.8273068,136.151098996259,958.796051928551,350.225542285515,2.84,0.025,0.478,0,-27.0938178841087
10995415.2531094,1375.2807367342,2366.27139977962,1683.19475409631,2.558,0.0555555555555556,0.192307692307692,0,132.976481304628
10905445.5332878,18672.8465308627,30423.2140162163,46298.4061650303,1.70714285714286,0.083,0.204,0,1900.83655282191
10761446.3952012,4233.59149381799,8507.9147281091,226652.098576797,1.39583333333333,0.083,0.204,0,341.396481513427
1161052.88450662,53678.4806973316,1540041.55988252,8246067.07491356,2.8,0.029,0.277,0,-75237.4317326492
10994177.9627168,1601.01000321863,2695.65875387561,2365.36852605813,2.516,0.069,0.229,0,158.095782503716
10968495.0095253,6270.8804022453,12447.8888680015,13626.221204458,2.082,0.0555555555555556,0.192307692307692,0,514.360093921777
10998252.5781388,607.13034086475,1163.76686254007,816.524657824315,2.544,0.036,0.142,0,52.0844528032493
10997621.1970348,893.431693045193,1485.17871419569,840.192557927995,2.7,0.0555555555555556,0.192307692307692,0,89.2672240690177
10940292.7674284,13001.5300073622,19845.2057329998,27700.4968311707,1.984,0.083,0.204,0,1397.84866519368
10262591.5246274,24290.6652616835,87463.0877438046,626494.722366879,0.927083333333333,0.069,0.229,0,-187.796098179079
1479402.6325192,23781.7388596998,85677.6761494246,9411977.95247175,2.8,0.072,0.134,0,-187.328846284466
10905887.5940506,4906.24928489775,26263.733715202,63782.4229492357,0.5,0.0555555555555556,0.192307692307692,0,-515.696104861237
10966803.6990203,566.200696221193,6604.05253643774,26866.0477469778,1.71875,0.025,0.478,0,-257.994627222235
10775354.8525485,12162.1331817333,29872.2833080177,183450.73096165,1.57291666666667,0.0555555555555556,0.192307692307692,0,679.279632588169
10996751.9452136,17.0794532968595,240.239121231818,3830.73621193775,0.593333333333333,0.039,0.341,0,-10.0625025943779
10996558.5116252,4.80739830709354,63.7206778061421,4212.96029868362,0.65,0.039,0.341,0,-2.6152686676423
10996601.9614977,5.67723916634402,94.8716619846731,4137.48960118939,0.511111111111111,0.039,0.341,0,-4.17937930370165
10761625.2691149,4063.17923679922,10969.6013473595,224181.950300783,1.375,0.069,0.229,0,171.917759637812
10491372.0334154,3297.73851293677,20777.5913581134,485392.636713457,0.5,0.0555555555555556,0.192307692307692,0,-520.082677186366
10985183.8016827,358.527899561261,3913.08624487501,11384.5841728448,1.09375,0.016,0.197,0,-148.443687568614
10891255.1416141,2323.17022363826,14014.506756204,93247.1814060619,0.53125,0.0555555555555556,0.192307692307692,0,-331.769652874753
10957793.3445935,2533.90110393732,6931.3322514672,33581.4220510543,1.5625,0.036,0.142,0,102.223124178872
10992171.5038927,495.932575799589,4738.89344889783,3433.67008265595,2.082,0.025,0.478,0,-167.870311397438
10991931.407596,208.821006771018,1984.31692687423,6715.45447042134,1.375,0.016,0.197,0,-70.0717336749264
4416433.73841169,312569.747350254,511867.065303236,5759969.44893486,2.96,0.072,0.134,0,31670.5746122857
10978516.1024035,584.098165106003,3104.18887484856,18635.6105565347,0.760416666666667,0.036,0.142,0,-60.1190172170647
10976722.8344903,644.393675365016,2753.60375920575,20719.1680750971,0.96875,0.036,0.142,0,-29.0635577910993
10854450.0896624,3959.42845591018,36757.0265125641,105673.455369086,1.3,0.029,0.277,0,-1285.09191708181
9963307.85303675,128460.112877792,478764.457366067,430307.576719425,3.35,0.029,0.277,0,-1897.06978543786
10925520.4609712,2153.27546473764,10435.8412926078,62730.422271491,0.71875,0.036,0.142,0,-165.679881982728
10997685.4788239,71.1178239920595,605.20220068119,2478.20115145529,1.052,0.039,0.341,0,-19.945429742608
10935213.9814635,578.709960365403,12930.7498459101,52116.5587300973,0.833333333333333,0.025,0.478,0,-607.080756691971
10986089.2920269,546.115240959454,7404.63834677657,6799.95438540047,1.32142857142857,0.025,0.478,0,-306.351241413623
7256920.91397676,459782.315811375,881332.404912099,2402804.36529978,1.25,0.072,0.134,0,39455.0569756046
10113468.7420987,4227.27478278058,26188.8542115627,856955.12890676,0.5,0.069,0.229,0,-642.001185470531
10994244.155454,97.0875701194882,2189.21900755665,4309.53796835042,0.5625,0.016,0.197,0,-102.947541885875
10834983.1498288,1461.39922475101,20307.1683865993,144088.282559884,0.65625,0.044,0.423,0,-847.150457154428
10733460.3061735,7742.0852446894,14069.9946828336,245567.613898897,1.61458333333333,0.083,0.204,0,707.183597718803
3732316.57443652,341213.897923846,577770.274636273,6349539.25300341,3.385,0.072,0.134,0,33519.3680381968
10975398.9063833,6063.30632075757,8664.58149515363,10713.2058008149,2.194,0.083,0.204,0,684.613634370605
10985046.6160502,3476.59312608853,6162.75282910917,6154.03799457167,2.334,0.069,0.229,0,326.236013798577
10770759.9581313,3357.99851330623,7170.96804295907,219551.075312439,1.28125,0.083,0.204,0,247.3926640483
2725133.83956796,253048.598792641,3128665.43963073,4893992.12200866,2.8,0.029,0.277,0,-125142.724542919
10992419.0370442,182.162001299043,1895.03062391784,6343.77033067702,1.25,0.016,0.197,0,-70.2547372790286
10985739.2160636,2129.91248093327,5880.68971526761,7090.18174026334,1.32142857142857,0.036,0.142,0,82.8886466448614
10788598.8770709,2436.07773277978,6391.9589663179,203413.086229897,0.96875,0.083,0.204,0,113.337288039223
10497201.9375561,157697.867026833,163638.803551175,182301.391865902,2.6,0.072,0.134,0,21233.4246721601
10843949.9297375,1988.82887123485,23355.8545124221,131545.386878903,0.791666666666667,0.044,0.423,0,-915.067410687886
10970441.7511285,418.295952143596,5334.13079680202,24645.8221224698,1.5625,0.025,0.478,0,-215.912526254953
10996589.069694,5.38040676054149,83.7336734459259,4161.81622576963,0.55,0.039,0.341,0,-3.61914707301787
10996531.9598257,4.49575952781861,52.4025911504269,4251.14182363671,0.744444444444444,0.039,0.341,0,-2.04640460633655
10981856.3782571,123.571788870761,2924.66095838337,15935.3889957231,0.5,0.016,0.197,0,-138.722342559423
10982305.8326164,155.921249641802,5819.9954150136,12558.2507188641,0.5,0.025,0.478,0,-293.364403882651
10995057.248848,244.064758973758,2809.19701704314,2729.48937601652,0.75,0.016,0.197,0,-109.12562928281
10988022.9185409,390.026658379074,3253.69637947074,9173.35842128141,1.48958333333333,0.016,0.197,0,-105.755882510064
10955181.9204745,786.535683848151,10660.119940909,34211.4239006888,1.42708333333333,0.025,0.478,0,-440.966976192724
10483055.4702932,2042.89435270094,12901.2404053402,502840.394948629,0.5,0.0555555555555556,0.192307692307692,0,-323.875061577277
10994708.0024622,1525.17937054753,2645.44153194137,1961.37663524431,2.53,0.0555555555555556,0.192307692307692,0,146.313755726412
10999555.4588454,389.712286785358,561.877676388719,332.95119141723,2.9,0.069,0.229,0,43.7320336379273
9723013.75085954,165997.008803666,603469.108432244,508360.13190457,3.525,0.029,0.277,0,-1604.01252824515
10997621.0518837,241.141203434119,1954.964668705,1022.84224415711,2.502,0.025,0.478,0,-62.2056895475839
10994263.7354678,96.5819893872029,2205.30025261216,4274.38229025695,0.552083333333333,0.016,0.197,0,-103.948528260781
10855775.2868153,3693.9940210591,36763.1279165177,104607.591247148,1.22,0.029,0.277,0,-1331.02232764389
10679107.9045466,15806.4327300134,27463.5401837504,278462.122539552,1.67708333333333,0.083,0.204,0,1514.01842883626
10763326.3709492,4041.06829206298,8207.44007717253,225265.120681555,1.375,0.083,0.204,0,321.100356898571
1123221.71104029,48915.7015287963,1452487.0544996,8376215.53293133,2.8,0.029,0.277,0,-71289.6691294944
10995671.4248203,530.59598776218,2438.18022847044,2199.79896342267,2.306,0.044,0.423,0,-33.3933760486215
10997392.5292302,945.328051320743,1576.9146202442,925.228098232494,2.68,0.0555555555555556,0.192307692307692,0,94.2141765506701
10989395.7632525,365.291345058513,2774.9687628488,8303.97663970617,1.67708333333333,0.016,0.197,0,-83.9209156726167
10807288.8086191,11957.3571475906,52801.4729890376,128792.361244282,2.54,0.029,0.277,0,-634.360083873736
10963164.1110472,4279.290650987,19296.799622191,14099.7986796379,2.32,0.029,0.277,0,-250.406463825487
10977552.1166759,205.020181793138,3851.20530447394,19231.6578377127,1.04166666666667,0.025,0.478,0,-174.561210181016
10963401.5345527,672.825868506011,7908.57187588814,28857.067702872,1.66666666666667,0.025,0.478,0,-309.979012989574
10981653.2697999,115.16472508895,2729.25360120853,16342.3118738315,0.5,0.016,0.197,0,-129.480991398922
10998382.7808923,61.4549423632387,670.899482764377,1724.86468259792,0.804,0.039,0.341,0,-25.4540962528295
10981686.1145122,140.289437202409,5215.1460056252,13798.4500449536,0.510416666666667,0.025,0.478,0,-262.753787323989
10965564.6767299,297.5593644123,4663.39172747756,30314.3721782321,0.614583333333333,0.044,0.423,0,-201.821666044568
10996691.0951774,12.3764988440836,195.412364683934,3941.11595909196,0.506666666666667,0.039,0.341,0,-8.47674550749759
10996475.5182489,1533.37613761169,1406.12236211995,1424.98325136594,3.1725,0.072,0.134,0,216.28550938586
10715157.3899757,23538.0742343348,97591.0001112373,164553.535678702,2.71,0.029,0.277,0,-894.564733334857
10854165.9576057,3360.74791398784,9418.75909578417,133894.53538447,1.375,0.0555555555555556,0.192307692307692,0,122.998174850641
10819856.9226828,414.047316767328,7687.85452565761,172881.175474795,0.5,0.044,0.423,0,-347.511486161302
10997532.3898753,74.9315752658635,612.165678386785,2620.51287109247,1.1,0.039,0.341,0,-19.5982955143079
10981546.3585634,110.802401131474,2626.33006339106,16556.5089721717,0.5,0.016,0.197,0,-124.595554041633
10903783.1346876,4349.76516214067,24678.7037336906,68028.3964165595,0.5,0.0555555555555556,0.192307692307692,0,-534.486400049439
10757352.0089522,4444.69246572368,11731.7585044737,227311.540077511,1.41666666666667,0.069,0.229,0,202.959669269533
10980995.7798023,147.549575042613,4666.66327055264,15030.0073520319,0.614583333333333,0.025,0.478,0,-230.88228070598
10982415.9145009,162.639715766313,3446.46206484742,14814.9837184919,0.510416666666667,0.016,0.197,0,-160.191208586968
10604633.3560196,16648.0602804224,56965.0359105394,322593.547789299,1.01041666666667,0.0555555555555556,0.192307692307692,0,36.8647655262143
10996301.7226902,5.7296624333686,86.115222705099,4446.43242463086,0.493333333333333,0.039,0.341,0,-3.68460829992548
10980619.8529756,627.518565622166,4371.02465785512,15221.6038009468,0.5,0.036,0.142,0,-122.159774822575
8134272.66085918,366725.556056668,1452655.03305034,1047186.75003383,3.60666666666667,0.029,0.277,0,-10181.2645214254
10998111.6191368,725.348291480419,1154.21752571778,848.815045940772,2.72,0.069,0.229,0,75.41444906597
10949055.636862,801.554094393534,12185.6834504828,38797.1255930241,1.26041666666667,0.025,0.478,0,-522.849796496163
10865342.5242176,15892.0162790356,44830.7552090933,74774.7042942095,1.06428571428571,0.069,0.229,0,565.563055960724
10996821.6746563,587.72244229902,2073.31922881225,1357.28367265863,3.1625,0.029,0.277,0,-5.46815601969327
10994631.5454888,1502.6974809796,2520.2784686547,2185.47856149597,2.53,0.069,0.229,0,148.915706747297
10997204.1879291,48.5467466354363,585.720606265147,3001.54471802493,0.62,0.039,0.341,0,-23.2061742949334
10929198.3102527,299.044621381355,10360.5172271309,60982.1278986199,0.520833333333333,0.025,0.478,0,-518.099099645342
10996594.5136367,5.50229770901296,88.2234248980652,4151.76064071927,0.533333333333333,0.039,0.341,0,-3.84326322166226
10989378.6979227,2608.41933660366,4531.15188056544,4321.73086013231,2.404,0.069,0.229,0,249.915360591027
10873594.6057726,3578.3633078859,48122.5386526007,75544.4922669581,0.5,0.029,0.277,0,-1985.94929178424
10987788.8233155,2930.97435372258,5132.42901202265,4987.773318784,2.376,0.069,0.229,0,278.462247156962
2343025.87358319,284592.645616469,601725.409338913,7771496.07146147,3.54666666666667,0.072,0.134,0,21299.4648339521
10689781.6559282,14363.0247693553,24726.699307509,271968.61999489,1.70833333333333,0.083,0.204,0,1388.33407862116
10520883.6116567,8949.11022350023,43471.0147222735,427536.263397392,0.635416666666667,0.0555555555555556,0.192307692307692,0,-694.051582470854
10979035.2477607,177.256256107698,3947.18580077692,17680.3101823517,0.875,0.025,0.478,0,-185.18325788115
10968571.1310494,6539.01376400127,12206.3275771699,13523.5276094386,2.166,0.069,0.229,0,579.318812900866
10976656.2371422,5076.58787803382,9269.15967660571,9838.01530316309,2.236,0.069,0.229,0,461.163341980394
10516693.2594701,8194.72663483096,41346.4975411977,434605.516353781,0.604166666666667,0.0555555555555556,0.192307692307692,0,-721.080434948916
10140366.7254421,9654.04957716369,51049.1833802538,799770.041600263,0.5625,0.069,0.229,0,-979.435983471912
10996619.6023336,6.131898979727,113.134715340393,4101.13105204734,0.461111111111111,0.039,0.341,0,-5.10587333905545
10498372.4989944,26618.620036501,72660.8693710464,403188.011597864,1.32291666666667,0.069,0.229,0,1082.36499398879
10939724.32201,11297.5694243328,22323.9519527818,27494.1566128813,1.998,0.069,0.229,0,932.339587399535
10998588.4224646,184.553923708305,1421.7378674893,645.28574422352,2.64,0.025,0.478,0,-43.5051371408996
10998015.0234759,64.9145249024546,612.857919616624,2147.20407959254,0.94,0.039,0.341,0,-21.5661106309649
10931230.6011396,2744.80210578613,11199.0957274271,55665.501027197,0.90625,0.036,0.142,0,-94.3316030815384
10805781.4857428,2598.55011508027,12507.8591496245,179952.104992361,0.677083333333333,0.069,0.229,0,-195.215327066254
10962346.6419573,7231.40293113214,14631.5995851783,16630.3555263464,2.026,0.0555555555555556,0.192307692307692,0,577.791954179766
1822493.67479675,140935.382147517,2562787.37436147,6474623.56869427,2.8,0.029,0.277,0,-115262.711160265
10864696.7716992,2214.13949650019,40373.3089427156,93555.7798615589,0.5,0.029,0.277,0,-1822.96886357076
10996435.7952056,12.0095568570168,56.8877411173216,4335.3074963866,2.12,0.039,0.341,0,-0.85003197610778
10920134.0554848,1124.9727071217,7630.04925523422,71950.9225528679,0.5,0.036,0.142,0,-207.548468121893
10991210.2110854,252.137079645231,2165.86132616491,7211.79050884986,1.53125,0.016,0.197,0,-71.8471619226986
10999466.174977,185.60877982625,706.927520057228,481.288723138794,2.86,0.016,0.197,0,-3.58135926809587
10996573.3845866,5.06083752078232,72.420598941078,4189.13397695134,0.6,0.039,0.341,0,-3.05041594148516
10116395.5504539,15288.3386353632,53040.2012574202,816115.909653326,0.635416666666667,0.083,0.204,0,-6.58316610393523
10484119.5883811,2202.96017864041,13910.2982711624,500607.153169057,0.5,0.0555555555555556,0.192307692307692,0,-349.147702058499
10263493.9283512,32393.0714615924,82594.9989846291,622358.001202568,0.979166666666667,0.083,0.204,0,1640.78269032422
1730648.73738399,118395.178981848,356092.854386474,8795703.22924771,2.8,0.072,0.134,0,2986.29130078059
10307019.7710338,26644.6228670991,89726.3070386833,577449.299060192,1.01041666666667,0.069,0.229,0,139.188425979798
10970938.9531378,1090.65230279525,3323.25296900072,25487.1415903513,1.44791666666667,0.036,0.142,0,25.1166856476543
10171579.1401961,15113.2806804139,67755.5720348007,746392.007088494,0.697916666666667,0.069,0.229,0,-857.781978126431
10992674.1164133,169.082922234696,1863.36532236795,6133.43534211086,1.17708333333333,0.016,0.197,0,-71.0062406821732
10387899.1413525,28442.9381824279,86831.8807934842,497666.039671379,1.14583333333333,0.069,0.229,0,645.813985440327
10997234.1777984,53.2892726735742,597.134812722327,2955.3981162674,0.68,0.039,0.341,0,-22.9270459568701
10932360.3995462,1818.86179112736,11122.0092255311,55538.7294370894,1.65625,0.044,0.423,0,-268.13802067442
10999863.7762381,102.038813518606,528.295987184055,345.888961191004,1.736,0.039,0.341,0,-9.72537493077772
10984493.5772942,364.613066196335,7662.84507617979,8318.96456342379,0.75,0.025,0.478,0,-355.60006974491
10996711.9095029,14.2327550527987,212.511646887566,3901.34609515649,0.54,0.039,0.341,0,-9.06915496212443
10943216.4757031,3113.98099446693,10269.8395931036,44239.7037093194,1.20833333333333,0.036,0.142,0,28.3248196677174
10929619.3934217,326.141238000565,10702.2748007925,60192.1905393596,0.552083333333333,0.025,0.478,0,-531.839216887755
10364239.5141409,69677.4086552033,274384.453019101,292538.624184872,2.97,0.029,0.277,0,-1851.16983260774
10991706.3742413,221.852026950863,2035.58154001225,6876.19219185521,1.42708333333333,0.016,0.197,0,-70.4171902097239
10947839.5282557,892.198600675736,5824.55118036576,46283.7219632722,1.57291666666667,0.044,0.423,0,-151.997611801786
10924507.321524,2136.86848046224,13740.1311567355,60455.6788388383,1.5625,0.044,0.423,0,-352.397575314053
10974359.2383862,1257.91797411434,10837.0703716831,14385.773267947,1.0,0.044,0.423,0,-360.105623044828
10999433.3768174,182.203157119622,731.621490654107,492.798534826292,2.84,0.016,0.197,0,-5.60546150418833
10064140.6988812,2511.9827826971,11066.1537603888,923121.164575674,0.5,0.083,0.204,0,-131.634438242059
10983222.5682048,1316.2735960126,6293.95238687047,10007.205812386,0.5,0.036,0.142,0,-96.5349762342597
4328580.82545885,316162.214011553,521704.884785447,5834392.07574419,2.98,0.072,0.134,0,31818.0637014474
10621901.3874739,22423.1183341647,41233.8582133483,315281.635978542,1.54166666666667,0.083,0.204,0,2021.35235805906
10953356.0866142,5047.07139904148,23956.0771405194,18480.7648463263,2.18,0.029,0.277,0,-355.827276506221
10969901.2196669,469.455242012963,8577.40726149227,21891.9178296192,0.5,0.044,0.423,0,-386.240372715429
1448725.3502343,12360.3222817221,45449.708515806,9494304.61896824,2.8,0.072,0.134,0,-147.267749863543
10128129.4990188,6868.97493576123,40757.5305218782,825083.995523406,0.5,0.069,0.229,0,-943.431532597768
10762631.679206,3977.34029349135,10800.0369691758,223430.943531177,1.36458333333333,0.069,0.229,0,164.950323153325
10727749.8186342,90361.7368202248,89273.2277028227,93455.2168427252,2.8,0.072,0.134,0,12415.4858377804
10958167.4279367,757.64101344517,9745.25233849913,32169.6787113132,1.51041666666667,0.025,0.478,0,-395.714685753057
10659241.5132359,18291.6244611713,32432.6222764064,290874.240026495,1.625,0.083,0.204,0,1715.77482706645
10190605.5303139,26568.2487484331,75385.0784897467,708281.14244794,0.84375,0.083,0.204,0,921.19309333963
10386962.5690305,35183.8715421093,79023.1888725386,499670.370554814,1.16666666666667,0.083,0.204,0,2375.97392844513
10921615.4371204,1449.01290083181,8779.82900890102,68995.7209699021,0.53125,0.036,0.142,0,-209.114891017947
10999902.6780223,116.572796524181,417.698820537275,403.050360665637,3.1425,0.029,0.277,0,-7.69109956503643
10919644.9885711,2302.54003285426,15248.3962596006,63644.0751364769,1.51041666666667,0.044,0.423,0,-404.277313159361
10795226.2229216,2407.89380507757,9312.23108918291,193893.652184018,0.875,0.069,0.229,0,-54.2602015161502
10981697.198597,116.964234011086,2771.53621479964,16254.3009542477,0.5,0.016,0.197,0,-131.477190549528
10996680.0374517,11.3183598381388,185.259927384416,3963.3842610554,0.486666666666667,0.039,0.341,0,-8.11548045001796
2663129.43714199,245945.072153457,3107347.91390432,4984417.57680021,2.8,0.029,0.277,0,-125337.452837418
10804640.1679289,2558.98737889235,11998.4073381383,181642.437353962,0.697916666666667,0.069,0.229,0,-174.399200874274
10896368.4663183,6498.31371021151,46302.8555951994,51670.3643763325,1.31,0.029,0.277,0,-1328.15185134071
10620400.156702,17143.3022820372,56472.3894044241,306824.15161147,1.0625,0.0555555555555556,0.192307692307692,0,159.460189522753
8646745.76623589,501894.751525446,691037.228072842,1161162.25416584,1.88,0.072,0.134,0,58131.4234580442
10838085.4755501,1665.84597375193,21614.4270745043,139474.251401705,0.708333333333333,0.044,0.423,0,-880.41647368907
10999569.1506529,108.467559024776,634.672602475214,527.70918562356,1.512,0.039,0.341,0,-14.3992832070246
10994933.7456497,1189.04489295197,2500.17997447136,2217.02948283572,2.236,0.036,0.142,0,89.7487291245368
5728409.30099741,210857.177653766,322388.017137953,4739185.50421091,2.62,0.072,0.134,0,22638.7159745637
10816527.1648943,62387.1066469464,60449.4968179294,61476.2316408554,2.875,0.072,0.134,0,8638.24192016432
2751201.38226667,336360.324693514,634762.668784268,7278515.62425559,3.62,0.072,0.134,0,29418.743735484
10919352.4096027,1002.55959355648,6959.20651444112,73525.8242893251,0.5,0.036,0.142,0,-193.800449718956
10993709.2081276,120.81656943321,1918.70712735924,5091.26817568628,0.8125,0.016,0.197,0,-83.3640402235123
10905327.4393553,6698.6188775186,43674.9280483824,45139.0137188276,1.46,0.029,0.277,0,-1140.60753665962
10926045.4685745,194.091239250911,7281.09019075708,67319.349995422,0.5,0.025,0.478,0,-367.192094896582
10990129.3554506,3845.4300513885,3470.58592223712,3394.62857577993,3.2625,0.072,0.134,0,547.102632707184
10998939.319315,200.126407567583,1024.95370824946,675.600569197503,2.586,0.016,0.197,0,-18.4580171088383
10833794.617327,5539.0735775931,13806.0623065404,147700.246788778,1.60416666666667,0.0555555555555556,0.192307692307692,0,298.172376015483
10880643.7870716,2017.67906683779,8697.85014610328,109480.683715425,0.8125,0.0555555555555556,0.192307692307692,0,-95.2125686734152
10851541.0869668,4521.22799778188,36967.6589055368,107810.026129924,1.46,0.029,0.277,0,-1180.49857541703
10996392.6840337,350.469830180751,2282.91731069423,1813.92882541535,1.97,0.016,0.197,0,-59.4339528518069
10918987.9895257,951.0363662274,6640.85831367899,74260.1157943904,0.5,0.036,0.142,0,-186.044666905356
10990056.5425187,570.818763276206,5733.21854457823,4479.42017344046,1.97,0.025,0.478,0,-208.730876990594
10996666.8522918,9.9850206610322,171.92167031177,3991.24101721065,0.46,0.039,0.341,0,-7.63194014465112
10981951.2546829,127.660711909781,3015.77565347785,15745.3089517987,0.5,0.016,0.197,0,-142.990189954378
11000215.4817636,161.56105240394,304.38018900297,158.576994965884,2.044,0.039,0.341,0,14.1597323685162
10996410.0794754,14.6873842552283,67.810002378864,4347.42313795507,2.005,0.039,0.341,0,-0.942838634602017
10995088.2822934,1541.17195646335,2024.71430326426,2185.83144689216,2.502,0.083,0.204,0,183.971892118604
10982891.6831334,1491.27829915242,8058.91368668941,8398.12488076171,1.9,0.044,0.423,0,-160.95045749493
10996745.6544071,335.387913862718,2121.17994979322,1637.77772925926,2.04,0.016,0.197,0,-53.3465930053215
10982044.0578275,862.850207252636,5564.95799627738,12368.1339690373,0.5,0.036,0.142,0,-143.22568721639
10996363.6155643,14.7755482904921,86.8503909294888,4374.7584964454,1.42,0.039,0.341,0,-1.98282517204265
10894229.9316994,2718.68224269871,16578.0641816223,87313.321876191,0.5,0.0555555555555556,0.192307692307692,0,-398.23963514125
10997119.3126268,953.005207815054,1548.2246603116,1219.4575050271,2.64,0.069,0.229,0,97.1959101231115
10861773.706807,2746.37090052226,8292.09291384582,128027.829378571,1.25,0.0555555555555556,0.192307692307692,0,67.5624725806466
10981818.5456254,143.156346137024,5343.80694034861,13534.4910880201,0.5,0.025,0.478,0,-269.358375144487
10994489.89943,102.747777904505,2416.25990192364,3831.09289021399,0.5,0.016,0.197,0,-114.480380538445
6464588.9325094,99610.7272057833,348380.612263023,4088259.72802182,0.98,0.072,0.134,0,-199.302556900055
2410083.78128079,295240.332969916,611381.039026922,7684134.84672243,3.56,0.072,0.134,0,22810.4426412659
10846667.6796997,10063.621063494,44254.1935926283,99854.5056440843,0.5,0.069,0.229,0,-523.241636982931
10814603.6767704,8033.96388455742,18860.6223091958,159341.7370358,1.73958333333333,0.0555555555555556,0.192307692307692,0,497.210067051824
10996539.6122718,4.56569512959302,55.1608443510615,4240.66118869497,0.716666666666667,0.039,0.341,0,-2.18778037119402
10992101.7028035,199.263206971077,1949.43120236517,6589.60278722612,1.33333333333333,0.016,0.197,0,-69.9844548698101
10200619.0949124,27607.9748522534,76980.3212018303,695632.609033509,0.864583333333333,0.083,0.204,0,1032.50446484593
10998957.825378,264.327344742154,920.442677379305,697.404599925992,3.2625,0.029,0.277,0,1.13170573035078
10163395.2711346,23259.9363337349,69721.1605562543,744463.631975424,0.78125,0.083,0.204,0,599.708048465814
10998340.6196331,61.6436226632022,660.936352722929,1776.80039147571,0.82,0.039,0.341,0,-24.8639545135577
10997679.735741,875.689760310145,1114.31634588735,1170.25815284103,2.62,0.083,0.204,0,106.519074348314
10999199.4352707,226.019524444439,791.458960231382,623.086244666463,3.24,0.029,0.277,0,-0.574198312602321
10833861.9965989,1380.48992389342,19746.7195577367,145850.793919525,0.635416666666667,0.044,0.423,0,-831.563989366974
9920077.60803917,135184.105842835,501066.104334148,444512.181783872,3.385,0.029,0.277,0,-1838.95568496998
10779387.3557676,2760.51686467981,6391.4949358656,212300.632431799,1.14583333333333,0.083,0.204,0,175.902462279451
10957009.5748451,2590.02679360534,7151.97747826328,34088.4208830476,1.54166666666667,0.036,0.142,0,100.777210331457
10814655.3919354,10932.4830145855,49422.4644650612,125829.660584939,2.52,0.029,0.277,0,-632.797893308308
10962491.0586678,311.815151533372,3519.38372593228,34517.7424546613,0.864583333333333,0.044,0.423,0,-135.558486605223
10864212.3110703,2665.85541539879,25173.9862744969,108787.847239841,1.01041666666667,0.044,0.423,0,-885.910722187948
1441268.80352444,9581.41178340947,35411.1604674557,9514578.62422479,2.8,0.072,0.134,0,-125.202683533493
10927979.6019936,245.249917270711,9190.20056999295,63424.9475189643,0.5,0.025,0.478,0,-463.384307222016
10791886.3393707,2429.18103605832,8873.62070836898,197650.858884786,0.9375,0.069,0.229,0,-25.8691086181343
10872548.8814752,2164.25541427767,7693.61573085423,118433.247379608,1.02083333333333,0.0555555555555556,0.192307692307692,0,-11.2502743860843
10996475.5843846,6.37714217172528,43.7766639324184,4314.26180925359,1.53,0.039,0.341,0,-1.20439465869444
10999615.3093355,314.210552029298,780.94723974515,129.532872738372,2.94,0.0555555555555556,0.192307692307692,0,17.0727837906422
10379744.785651,35220.06634793,79620.7615122091,506254.386488809,1.15625,0.083,0.204,0,2349.71721346527
10813627.9210257,3040.07116350594,17404.6886828307,166767.319127813,0.541666666666667,0.069,0.229,0,-382.344560712933
10997280.1263274,309.015256878391,1868.30974989907,1382.54866582878,2.152,0.016,0.197,0,-44.3702511682252
10940348.4181769,710.466582154108,13263.9515391454,46517.1637016926,1.01041666666667,0.025,0.478,0,-600.25419857381
10871678.6461198,2196.07806963906,7678.16956622082,119287.106244257,1.04166666666667,0.0555555555555556,0.192307692307692,0,-4.2650071612649
10622704.2659847,35471.0357675439,143611.50178287,199053.19646485,2.81,0.029,0.277,0,-1157.23845208602
10957179.9737537,8005.05957989455,16437.5357351604,19217.4309312396,1.984,0.0555555555555556,0.192307692307692,0,626.195980026799
10974224.3175211,289.662885528178,4291.89185525822,22034.1277380337,1.33333333333333,0.025,0.478,0,-182.713716267854
10187929.4832783,17343.6840688245,73569.0942137527,721997.738438939,0.75,0.069,0.229,0,-751.846516164745
10066446.6902441,3018.7187722542,13294.0825289119,918080.508454714,0.5,0.083,0.204,0,-158.176484692983
10997343.9090246,66.3465427714008,616.810694224498,2812.93373845554,0.86,0.039,0.341,0,-21.5087906973999
10996341.5084478,13.0197851192465,93.0995561335789,4392.37221089011,1.095,0.039,0.341,0,-2.66796056267329
10962888.1820819,307.668582087122,3595.84298087198,34048.3063551453,0.833333333333333,0.044,0.423,0,-140.60327165964
10802598.7827066,2763.27760347173,9614.97410502928,185862.965584877,0.677083333333333,0.083,0.204,0,-2.71735420830943
10560055.9882237,13865.6115724043,54374.4237018301,372543.976501984,0.84375,0.0555555555555556,0.192307692307692,0,-354.3246828441
10953458.3362957,8544.64939502996,17722.4084943549,21114.605814879,1.956,0.0555555555555556,0.192307692307692,0,658.666536456885
10792448.1558091,2422.90765958343,8932.35214891288,197036.584382326,0.927083333333333,0.069,0.229,0,-30.2165214064133
10341493.8649219,72705.9387778201,285977.538081544,300662.65821879,2.98,0.029,0.277,0,-1903.93894031545
10917218.9062336,719.712109417718,5076.2873149876,77825.094342072,0.5,0.036,0.142,0,-143.620530323528
1500971.06539892,31796.5236074382,112960.534827526,9355111.87616617,2.8,0.072,0.134,0,-161.845945117255
10673798.1282832,17317.7959252168,51108.3407921662,258615.734999299,1.22916666666667,0.0555555555555556,0.192307692307692,0,491.008089435558
10979206.1738063,174.424403892971,3977.18330638017,17482.2184834149,0.854166666666667,0.025,0.478,0,-187.383452253602
10184455.1197298,16897.4262460039,72451.8487092894,727035.605314758,0.739583333333333,0.069,0.229,0,-775.600660372297
10864506.8440544,2562.85025268247,8003.52910516446,125766.776587643,1.19791666666667,0.0555555555555556,0.192307692307692,0,48.2281466937277
9607472.55794255,364129.302644338,435518.141522688,593719.997890452,2.2,0.072,0.134,0,45830.1037964173
10938724.6403979,676.244501247588,13263.1559673956,48175.9591333306,0.958333333333333,0.025,0.478,0,-606.808505567223
10786676.6506877,2537.28539706317,8577.59419513948,203048.469719906,1.03125,0.069,0.229,0,11.4749287891294
10789031.7402139,2477.45583552669,8659.23932086872,200671.564629513,0.989583333333333,0.069,0.229,0,-4.67632701997121
10899383.0743135,3507.89537998334,21040.3895513683,76908.6407550885,0.5,0.0555555555555556,0.192307692307692,0,-494.355372487875
10998395.2148336,195.921064452524,1529.81236798287,719.051733989846,2.6,0.025,0.478,0,-47.2944097318556
11000200.958121,76.9107866851823,255.057988716265,307.073103555694,3.0675,0.029,0.277,0,-3.89406937487814
10826801.385507,4963.27657024967,28886.5444253831,140188.793497247,0.5,0.069,0.229,0,-650.347925242231
10981750.3769687,802.316115314173,5330.7980833645,12956.508832697,0.5,0.036,0.142,0,-141.867911505523
10999498.0424377,190.783335161582,680.990760535359,470.183466613324,2.88,0.016,0.197,0,-1.14211260151869
10993782.963332,117.472476330205,1940.91477310588,4998.64941864234,0.78125,0.016,0.197,0,-85.2352661371606
10819060.872671,3769.07218197725,22085.7560197929,155924.299127158,0.5,0.069,0.229,0,-502.347142526542
10981846.8664199,821.072343183644,5408.86591349027,12763.1953234887,0.5,0.036,0.142,0,-142.57785512718
10997582.3987746,1136.4660913939,1046.74754056311,1074.38759347676,3.1425,0.072,0.134,0,158.640239452939
10946516.4325708,11843.7534164335,17910.988236007,24568.8257767449,2.012,0.083,0.204,0,1282.53903960424
10088368.7330836,8122.0683920586,34130.3996982502,870218.798826085,0.5,0.083,0.204,0,-334.17748324809
10996893.6482909,22.4298234450183,338.190181022903,3585.73170466889,0.558,0.039,0.341,0,-14.4748850285273
10982846.83666,214.52167631384,3709.20463753812,14069.4370261408,0.645833333333333,0.016,0.197,0,-164.805217990765
10720966.5322197,8494.42502457431,19976.3251189272,251402.717636734,1.65625,0.069,0.229,0,523.783566099567
10720208.9239162,15816.7236242904,42914.2869564482,221900.065502987,1.375,0.0555555555555556,0.192307692307692,0,657.561017914402
10995874.8617259,1341.90952784202,1750.22283602603,1873.005910277,2.53,0.083,0.204,0,160.733727456843
10989817.2606237,1528.74115696231,5801.80195550916,3692.19626392726,2.8875,0.029,0.277,0,-31.1757648365596
10993130.9865656,147.042703460966,1842.55206338416,5719.41866767205,1.03125,0.016,0.197,0,-74.0832621378855
10978134.673167,193.39634868075,3858.03644746794,18653.8940367648,0.979166666666667,0.025,0.478,0,-177.10431674277
10623629.7816953,17217.7594311293,56301.0121197795,303691.446753722,1.07291666666667,0.0555555555555556,0.192307692307692,0,183.219595892284
10964372.6213486,651.56085161054,7537.97912055781,28277.8386791204,1.69791666666667,0.025,0.478,0,-293.465080687148
10995548.6526113,345.764764692724,2656.31508032635,2289.26754369984,1.45,0.016,0.197,0,-81.0811114004118
10999569.9950167,353.354247378437,594.31975574182,322.330980190776,2.84,0.036,0.142,0,34.9461663048517
10983878.6032837,1747.86905710244,6348.75377480075,8864.77388444887,0.75,0.036,0.142,0,-16.5658251537939
10626943.0067467,21902.7426360925,40087.3695136782,311906.881103455,1.55208333333333,0.083,0.204,0,1984.97720883701
10980699.0030609,638.233490908798,4439.75074649442,15063.012701706,0.5,0.036,0.142,0,-123.910752682139
10766819.6454,3703.52374005353,7687.41370470068,222629.417155273,1.33333333333333,0.083,0.204,0,284.990402122165
10767503.6976081,12809.2935312058,31926.7854983346,188600.223362275,1.54166666666667,0.0555555555555556,0.192307692307692,0,689.625499628975
10978321.3866159,189.872372453681,3867.98131053335,18460.7597010187,0.958333333333333,0.025,0.478,0,-178.360867979547
10952475.4398094,2859.00153682322,8346.66167717292,37158.8969765813,1.42708333333333,0.036,0.142,0,86.1109518586404
10968095.2994287,3851.23837541501,16890.647933231,12002.8142626918,2.4,0.029,0.277,0,-190.340566998607
10996460.1671672,8.8523034296028,47.8427370983505,4323.13779226546,1.88,0.039,0.341,0,-0.953762198302233
10981588.6304062,112.525147111413,2667.02753329438,16471.8169134539,0.5,0.016,0.197,0,-126.535672240566
10966196.6878156,1649.63259083366,4473.6120827899,28520.0675107903,1.67708333333333,0.036,0.142,0,68.7134548079022
10064568.6525628,2606.00503803356,11479.7271221547,922185.615276975,0.5,0.083,0.204,0,-136.483569731022
10805209.2026176,2578.12842445398,12246.6114853524,180806.057472547,0.6875,0.069,0.229,0,-184.682360202697
10979290.5931515,173.050477245553,3993.77260445175,17382.5837667268,0.84375,0.025,0.478,0,-188.598652724892
10997392.326023,891.071976748963,1440.20668279373,1116.39531749239,2.66,0.069,0.229,0,91.3864902408996
10994321.1221369,96.0269662346579,2255.51722669362,4167.33367017765,0.520833333333333,0.016,0.197,0,-106.839839988133
10910457.5458865,7034.79587830679,28782.7846722705,54564.8735629221,0.5,0.0555555555555556,0.192307692307692,0,-246.200728443726
10991047.8137104,262.492936436285,2212.82972131144,7316.86363192265,1.5625,0.016,0.197,0,-72.4605805150723
10942724.7204613,10830.601450209,21295.1746252546,25989.5034631999,2.012,0.069,0.229,0,899.666279770301
10435965.6329304,174450.937496086,183171.801646474,207251.627927102,2.56,0.072,0.134,0,23368.090786774
10372544.7702164,35233.4355277673,80175.5607483154,512886.233507503,1.14583333333333,0.083,0.204,0,2321.55258604069
10878148.9024966,4980.6539936805,49246.8091602361,68463.6343495124,0.8,0.029,0.277,0,-1786.27826961607
4802568.24552057,291355.458938913,463185.171084403,5443731.12445617,2.87,0.072,0.134,0,30298.2579071955
10999969.1226374,99.7673659949106,484.496112992279,286.613883663839,1.82,0.039,0.341,0,-7.73018786156491
10891092.4567815,16863.4373338917,38397.947650254,54486.1582342643,1.51428571428571,0.069,0.229,0,1109.73262191268
10987715.2406231,1793.47941179745,6903.76072230075,4427.51924289619,2.8375,0.029,0.277,0,-39.9393051275088
10996548.9517023,4.67324448689145,59.0647433857673,4227.31030984125,0.683333333333333,0.039,0.341,0,-2.38224196975589
10317759.9376017,75865.7717653624,298084.006767465,309130.283865544,2.99,0.029,0.277,0,-1965.94699933062
10976035.64514,239.824344672402,3969.77111429965,20594.7594009328,1.1875,0.025,0.478,0,-174.397699225886
10956312.6731896,777.234594950343,10325.7103449529,33424.3818703998,1.45833333333333,0.025,0.478,0,-424.177962114027
10947445.3151876,9386.91713076003,19770.7407409005,24237.0269407446,1.914,0.0555555555555556,0.192307692307692,0,706.796764449429
10606147.4669052,23977.6463826846,44732.1501850595,325982.736526972,1.51041666666667,0.083,0.204,0,2125.74670617886
10965360.7360621,1759.7556700527,4704.0454446938,29015.4628231849,1.70833333333333,0.036,0.142,0,77.0786081826067
10927230.9949518,2371.37039645088,10802.9167745175,60434.7178772674,0.78125,0.036,0.142,0,-144.139296206977
10790370.8403405,70726.6890581309,68960.8082117987,70781.6623895706,2.85,0.072,0.134,0,9768.90968360435
10993135.905828,1096.25635847381,4047.50859034351,2560.32922324291,2.9875,0.029,0.277,0,-11.4736188536054
10992530.7665889,176.360781833603,1879.68469945738,6253.18792982924,1.21875,0.016,0.197,0,-70.511796521791
10951617.2275877,2899.4451157908,8555.91604054215,37767.4112560273,1.40625,0.036,0.142,0,82.2592434060191
10977192.8979952,624.619624479878,2803.071029863,20219.4113504846,0.916666666666667,0.036,0.142,0,-35.600155373707
10970285.5174239,491.43204177798,8941.88241410385,21121.1681201933,0.5,0.044,0.423,0,-402.206025852149
10977735.8555699,605.280210949451,2894.09692190134,19604.7672972675,0.854166666666667,0.036,0.142,0,-44.4048143818397
10984981.0150325,351.47800742524,3934.55852284751,11572.9484372202,1.0625,0.016,0.197,0,-150.992222085459
10571917.6065979,26994.6578840006,51891.1368196081,350036.598698369,1.44791666666667,0.083,0.204,0,2308.48778363019
10952901.2125984,2837.70306985742,8240.76336982995,36860.3209618807,1.4375,0.036,0.142,0,87.8902965339317
10924600.3932965,10423.1295414983,27127.1464969767,38689.3306650576,1.25714285714286,0.0555555555555556,0.192307692307692,0,497.392531286215
10982997.974615,1186.29371155371,6198.61357113631,10457.1181024201,0.5,0.036,0.142,0,-116.234063110191
10891386.3426866,2838.88764856121,22196.1225653136,84418.6470995224,1.25,0.044,0.423,0,-687.120856483785
10999031.0295396,100.156144005571,765.661576659113,943.152739780466,1.092,0.039,0.341,0,-23.2764429035819
10960681.170549,722.454188496948,8898.46571009403,30537.9095523887,1.58333333333333,0.025,0.478,0,-355.406802135231
10996923.848105,23.6389994248194,361.31731918444,3531.1955764157,0.55,0.039,0.341,0,-15.5285830059376
10982024.3452255,130.986262887402,3085.79158651117,15598.8769251472,0.5,0.016,0.197,0,-146.238675916631
10956990.8468298,444.28162953405,3617.86813386218,39787.0034067906,1.22916666666667,0.044,0.423,0,-115.568555157053
10127544.8829294,17518.6199813845,58116.2879656762,797660.209123541,0.677083333333333,0.083,0.204,0,140.285689209457
10694233.3659354,12025.7249011145,27114.5989226129,267466.310240766,1.73958333333333,0.069,0.229,0,806.346737772641
10725267.4620441,7959.64070166143,18890.9259429716,248721.971311159,1.63541666666667,0.069,0.229,0,481.105698565682
3894564.85955304,382415.158857242,3230380.88350265,3493479.09808706,2.87,0.029,0.277,0,-105920.45153289
10946404.4945691,788.768101921254,12672.6407943371,40974.0965345883,1.1875,0.025,0.478,0,-552.335185901341
10849622.9151414,3788.457600541,10260.1807490986,137168.446508866,1.4375,0.0555555555555556,0.192307692307692,0,158.477229102353
10883738.3179358,2036.07498358868,9647.0135476669,105418.593532961,0.729166666666667,0.0555555555555556,0.192307692307692,0,-144.353601454724
1280882.75521315,69069.9059428092,1790722.81725377,7860164.5215903,2.8,0.029,0.277,0,-86201.4723838749
10232949.4896364,22054.9958422004,83829.1703188063,662006.344202428,0.864583333333333,0.069,0.229,0,-415.816194628773
10994730.0493213,1221.59179287683,2579.89333936573,2308.46554647089,2.222,0.036,0.142,0,91.5916578478856
10999309.1896004,108.360975406203,710.62880418364,711.820620021306,1.316,0.039,0.341,0,-18.640806053994
10996561.756613,4.85820569908162,65.4623634481824,4207.92281783439,0.638888888888889,0.039,0.341,0,-2.70307805622377
10846431.7680485,2104.8631179684,23876.1592494108,128427.209584191,0.822916666666667,0.044,0.423,0,-921.623368565608
10996311.0406627,7.93289600035645,92.0048872744663,4429.02155404204,0.62,0.039,0.341,0,-3.58620161835451
10974848.7571579,1312.12039940723,10768.7728224144,13910.3496202175,1.06428571428571,0.044,0.423,0,-345.893848449496
10999851.1500834,342.722925558788,414.156721164959,231.97026990058,2.96,0.069,0.229,0,42.8779736430442
10982665.4110989,194.49945636106,3617.50158417763,14362.5878605571,0.59375,0.016,0.197,0,-163.559818793409
5047476.81370306,273766.449981754,428499.759411212,5251096.97690404,2.81,0.072,0.134,0,28840.7733080808
10981675.1497589,116.060296260578,2750.31440101878,16298.4755438752,0.5,0.016,0.197,0,-130.473184686716
10993336.590469,137.600614477617,1853.22090887325,5512.58800776813,0.958333333333333,0.016,0.197,0,-76.4945666531595
10820196.7887609,432.009496821898,8021.11740739759,172190.084334937,0.5,0.044,0.423,0,-362.492705079884
10976233.6348069,667.949326576254,2726.37404227302,21212.0418242253,1.02083333333333,0.036,0.142,0,-23.0168602192078
10841621.0664643,1869.36696596265,22759.7477880123,134589.818781765,0.760416666666667,0.044,0.423,0,-904.892619936514
10981927.2619699,126.60831026419,2992.75275559715,15793.3769643317,0.5,0.016,0.197,0,-141.921031195391
10995320.3152453,313.564127101657,2743.88128720832,2462.23934042675,1.19285714285714,0.016,0.197,0,-92.1350149381858
1449954.22591182,12818.2233627767,47094.1691024307,9490973.38162304,2.8,0.072,0.134,0,-152.477308082803
10930933.8312766,400.919475414312,11539.1814750066,57966.0677728135,0.635416666666667,0.025,0.478,0,-564.000396714539
10978595.0362732,184.879145792643,3890.2015770004,18169.8830039185,0.927083333333333,0.025,0.478,0,-180.600224159769
10999345.7999843,108.77640037598,701.134034576473,684.289580764325,1.344,0.039,0.341,0,-18.0342558685538
10974960.4375742,743.050231052942,2746.59254313814,22389.9196516382,1.14583333333333,0.036,0.142,0,-9.69629209220095
10998869.1171922,547.086866524806,849.698129845685,574.09781138261,2.8,0.069,0.229,0,57.9394896320495
10423150.2469846,34667.1954262122,75435.6848374134,467586.872751741,1.21875,0.083,0.204,0,2475.92821871776
10824259.0352868,646.811292799081,12002.6503979352,163931.503022561,0.5,0.044,0.423,0,-542.445242136592
10918417.4737212,874.172987418896,6138.62233872723,75409.7309526872,0.5,0.036,0.142,0,-172.932273697769
10935883.3306725,22997.6774658939,21367.3242036114,20591.6676579879,3.0625,0.072,0.134,0,3236.65461711754
10971620.8900941,375.058622315465,4970.1857571073,23873.8655264567,1.5,0.025,0.478,0,-203.995441109489
11000069.4765639,101.870822823763,435.959805251024,232.692807994892,1.904,0.039,0.341,0,-4.62922593390713
10914725.1977923,8964.12751245968,29036.7270733383,48113.9476219119,0.833333333333333,0.0555555555555556,0.192307692307692,0,110.757951241803
10991866.322699,857.626669805302,4196.84109201527,3919.20953911063,2.138,0.044,0.423,0,-68.2345797555444
10223844.9551867,21243.1832891776,82282.0242260722,673469.837297839,0.84375,0.069,0.229,0,-486.031821087859
11000297.5083898,90.0323599566816,177.045240087016,275.414010203248,3.03,0.029,0.277,0,11.0732194316446
10841234.7593271,11076.7617184069,38389.5913508849,110138.887603535,0.5,0.083,0.204,0,-2.43535251952589
1443209.15494775,10304.6132461532,38033.411479425,9509292.82032675,2.8,0.072,0.134,0,-132.65848189562
10931500.6465888,429.497239209715,11819.8776796618,57089.9784921644,0.666666666666667,0.025,0.478,0,-574.068873791877
10999174.8073128,475.028415939075,724.50554279284,465.658728470189,2.84,0.069,0.229,0,51.1209184806936
10967943.1281809,1429.60331688349,4014.54768269648,27452.7208194939,1.60416666666667,0.036,0.142,0,51.8913066469753
1472800.90120405,21325.792933701,77163.8028648324,9429549.50299749,2.8,0.072,0.134,0,-186.219838479845
9420226.56283188,398131.65193397,488956.817448427,693524.967785734,2.14,0.072,0.134,0,49400.4319185836
10996621.6447499,6.19035378295107,115.49182788464,4096.67306844313,0.455555555555556,0.039,0.341,0,-5.22393670518776
10994451.5549574,100.96472211831,2379.65405797353,3907.82626255353,0.5,0.016,0.197,0,-112.790057004182
10691311.8160615,26585.1694575252,109396.433793763,173546.58068716,2.74,0.029,0.277,0,-966.103330344311
10823750.2731963,619.857206629863,11504.218764186,164965.650832958,0.5,0.044,0.423,0,-519.962072945697
10997889.7204109,273.597342069241,1568.8112580359,1107.87098899773,2.292,0.016,0.197,0,-34.5511855433185
10984594.1230507,2173.13377041647,8529.81131093502,5542.93186804986,2.76,0.029,0.277,0,-60.6905955759195
10961487.0016661,2224.55826452903,5845.4069180364,31283.0331513448,1.66666666666667,0.036,0.142,0,103.054511054361
10996306.9227982,6.96908694461782,89.9856799017213,4436.12243495087,0.54,0.039,0.341,0,-3.65845234647991
10996276.7997859,3.20128127843324,59.7841786219385,4500.21475418967,0.43,0.039,0.341,0,-2.70397303864384
10997000.8586485,838.837031409096,1676.81196106185,1323.49235902488,2.404,0.036,0.142,0,68.1460742494012
10996423.7310681,644.540081013461,2288.05719486907,1483.6716559862,3.1375,0.029,0.277,0,-12.3497981383454
10991411.8657508,524.160317597131,5101.37681165104,3802.59711996827,2.04,0.025,0.478,0,-182.598943013008
11000222.9995715,76.027037399921,241.094887598921,299.878503533897,3.06,0.029,0.277,0,-0.020189750175821
10999272.8812132,107.808559493865,719.598427140972,739.711800198673,1.288,0.039,0.341,0,-19.2451121399125
10998651.813667,530.530874697489,996.431975583272,661.223482690379,2.6,0.036,0.142,0,46.6730212538102
10976605.77351,225.971803142406,3905.43462747097,20102.820059312,1.13541666666667,0.025,0.478,0,-173.493531050275
4760638.22611618,294061.698837764,468855.22277934,5477284.85226676,2.88,0.072,0.134,0,30504.2350540857
10992602.7169413,1961.49910477766,3469.51924067267,2806.26471325304,2.46,0.0555555555555556,0.192307692307692,0,184.449755606908
10917128.943656,708.288907541678,4996.36904480129,78006.3983916548,0.5,0.036,0.142,0,-141.359144882862
10961030.8396138,716.764559340341,8775.41046980209,30316.9853569512,1.59375,0.025,0.478,0,-349.652501938396
10069835.3662684,3764.36710695322,16564.9550185161,910675.311606146,0.5,0.083,0.204,0,-196.405511181893
4718427.2893251,296691.3029244,474476.306341884,5511245.10140866,2.89,0.072,0.134,0,30697.6721061219
10825063.8474597,689.660977746251,12790.8105926207,162295.680969975,0.5,0.044,0.423,0,-577.95136605131
10996522.8888861,4.43489219997595,49.6093168341802,4263.06690483591,0.777777777777778,0.039,0.341,0,-1.9045049817688
10979783.3495524,165.324482733952,4116.50626995516,16774.8196948834,0.78125,0.025,0.478,0,-196.899159983806
10775646.1126155,2989.8067034799,6659.77727630747,215544.303404719,1.20833333333333,0.083,0.204,0,204.988888848757
10998719.4116907,76.5858460899171,768.540247482011,1275.46221578577,0.784,0.039,0.341,0,-27.9673884027222
10996552.1111971,4.71495767924821,60.5270592578983,4222.64678598117,0.672222222222222,0.039,0.341,0,-2.45700115514588
10165744.048003,14229.2665178964,65293.5407425962,755573.144736342,0.677083333333333,0.069,0.229,0,-890.97510224717
10926905.6278166,216.747260604162,8130.30172043532,65587.3232022481,0.5,0.025,0.478,0,-410.004611992867
10999842.0782861,317.017502551366,452.802619589609,228.101591780094,2.94,0.036,0.142,0,35.8366237800351
1853236.56734952,166495.891027887,444979.785859393,8536127.75576322,3.045,0.072,0.134,0,7296.6681742436
1504135.3891268,32971.1615347205,116895.63991055,9346837.80942799,2.8,0.072,0.134,0,-152.496465148501
4926530.08501433,282823.143288572,445947.223329631,5345539.54836753,2.84,0.072,0.134,0,29616.0311131788
10989772.2835887,580.024016230996,5863.31790697132,4624.37448811086,1.956,0.025,0.478,0,-214.195821963632
10985135.4336424,5687.27217614325,5099.43595533052,4917.85822612629,3.3,0.072,0.134,0,813.024254276196
10997409.3339693,71.5847671816386,618.461459763969,2740.61980381357,0.95,0.039,0.341,0,-20.5934318405074
10940568.4398103,3108.5492846814,10661.1545239183,46501.8563811399,1.14583333333333,0.036,0.142,0,5.53045200071729
10946779.5919566,791.321770800002,12611.0415182182,40658.0447542968,1.19791666666667,0.025,0.478,0,-548.426444325622
10932340.1173948,2821.09628203915,11224.4232489768,54454.3630741626,0.9375,0.036,0.142,0,-81.0688177386731
10118964.3998848,5149.55898680265,31723.3754892096,845002.665638941,0.5,0.069,0.229,0,-772.276268952002
10798524.8454121,2425.23518528724,9981.30761810776,189908.611784396,0.8125,0.069,0.229,0,-88.1698103705821
10807520.3162965,2668.06332072812,13376.2437166858,177275.376666035,0.645833333333333,0.069,0.229,0,-230.041559405155
10932536.4862081,477.159912785661,12240.8068510961,55585.5470279432,0.71875,0.025,0.478,0,-588.285249241135
10790099.850812,2420.67798152079,6512.12758010263,201807.343626361,0.9375,0.083,0.204,0,103.828049249381
10972219.8025487,773.330126504309,10604.7022476509,17242.165077159,0.5,0.044,0.423,0,-440.484954401651
10992603.2208025,172.659313580243,1870.93878730054,6193.18109663542,1.19791666666667,0.016,0.197,0,-70.7404614735117
10999201.3574621,106.292692425134,735.860192550466,796.489652913106,1.232,0.039,0.341,0,-20.4396445273961
10817606.2041176,3548.53330081996,20802.5455101775,158882.717071316,0.5,0.069,0.229,0,-473.310216103825
10996580.2435686,5.19447137666609,77.0821127506669,4177.47984723349,0.577777777777778,0.039,0.341,0,-3.28402386686754
10946142.1447709,995.166835931873,6348.90352432589,47353.7848688481,1.61458333333333,0.044,0.423,0,-161.327260060729
10713930.5562633,9393.06697304071,21794.5311290123,255721.845634504,1.6875,0.069,0.229,0,595.632662764852
10860157.110717,48269.6356459748,46213.302239275,46199.9513977357,2.925,0.072,0.134,0,6716.85939127747
2922451.26095948,348985.607631792,633718.790199857,7095684.34120891,3.64666666666667,0.072,0.134,0,31905.0397674658
10517163.6537318,25860.3252919925,69326.6355228466,388489.385453231,1.35416666666667,0.069,0.229,0,1121.68708455238
10907361.9641881,5411.63291767172,27258.1924692267,60808.2104249684,0.5,0.0555555555555556,0.192307692307692,0,-473.582705843613
10997165.4687469,41.3017572358586,564.357303298515,3068.87219257111,0.53,0.039,0.341,0,-23.4106219901
10996583.7386746,5.26629510986923,79.625821312163,4171.3692089947,0.566666666666667,0.039,0.341,0,-3.41167371622272
10964177.4520694,299.182432840536,3972.77856036592,32390.5869373454,0.729166666666667,0.044,0.423,0,-163.188408402219
10984403.4987805,326.890733582336,3967.15861704233,12142.45186894,0.96875,0.016,0.197,0,-157.535989065384
10880496.6725908,2855.2752742916,23918.2815490965,93569.7705858676,1.15625,0.044,0.423,0,-779.694950705116
10996844.3635966,20.5115315861403,302.111791105535,3673.01308076374,0.572,0.039,0.341,0,-12.8395084424738
10977824.4039495,602.481544937653,2912.86938217162,19500.2451233959,0.84375,0.036,0.142,0,-45.9677468034388
8020520.67730228,377410.875917774,1512726.60626206,1090181.84051789,3.6,0.029,0.277,0,-11456.4240416663
10921784.8336103,1488.15323754509,8889.34210886549,68677.6710433678,0.541666666666667,0.036,0.142,0,-207.668526990343
10980779.3970667,649.24690877185,4509.42566494549,14901.9303596868,0.5,0.036,0.142,0,-125.664855590424
10978852.4717593,577.549779076761,3230.18016368274,18179.7982979601,0.71875,0.036,0.142,0,-68.4064247588355
10767340.2992644,3598.07128661099,10064.6588912449,219836.970557552,1.3125,0.069,0.229,0,132.757170108269
10936896.877598,629.827541502449,13154.5469541745,50158.7479062364,0.895833333333333,0.025,0.478,0,-609.678303780193
10984828.8981059,1367.65399159349,7255.51607743252,7387.93182501982,1.942,0.044,0.423,0,-140.061312047643
10980254.3151704,158.311646851848,4281.87058798373,16145.5025947103,0.71875,0.025,0.478,0,-207.449067611797
10989470.0079705,362.763612521941,2747.43089835735,8259.79751872343,1.6875,0.016,0.197,0,-82.8685219717295
1969801.56287096,160308.505197629,2701486.1216617,6169243.8102697,2.8,0.029,0.277,0,-119255.461147652
10926350.4975219,2264.31217853018,10632.7038613316,61592.4864382568,0.75,0.036,0.142,0,-155.251818939188
10994753.7240519,122.51007366596,2660.62064879217,3303.14522564261,0.5,0.016,0.197,0,-124.252493088119
10970231.9552966,426.253603723413,5401.77456151814,24780.0165381419,1.57291666666667,0.025,0.478,0,-218.106379115254
10784237.2871242,2617.40992642262,8571.92312808135,205413.379821135,1.07291666666667,0.069,0.229,0,27.1731918430343
10727632.355701,8581.20085202955,15394.3326005336,249232.110846381,1.64583333333333,0.083,0.204,0,794.964070884222
10446128.9364248,58780.8829931428,232734.478106979,263195.702475155,2.93,0.029,0.277,0,-1621.9376995405
10993121.3259683,458.422067183527,4277.17218034275,2983.07978417499,2.138,0.025,0.478,0,-149.465576856992
6709719.58690897,234616.139657293,709385.238594219,3347119.03483954,0.5,0.072,0.134,0,5708.98471314603
10998274.9072031,248.187559422935,1373.69117652239,943.214060996329,2.39,0.016,0.197,0,-28.5848778752758
6330035.98304173,118615.863121414,284434.404055832,4267753.74978106,1.62,0.072,0.134,0,7005.28766680311
10995988.2915366,706.082641833131,2522.54572907285,1623.08009254993,3.1125,0.029,0.277,0,-10.5088057435383
10756216.3918289,4550.45014664627,11944.830349748,228128.327674641,1.42708333333333,0.069,0.229,0,211.488256631407
10978259.9402204,590.174769390482,3023.48196111563,18966.4030490864,0.791666666666667,0.036,0.142,0,-54.4571274119946
10440193.8182152,28152.0727568291,81364.8283391892,451129.280688636,1.22916666666667,0.069,0.229,0,893.523226839395
10872907.9775312,3312.20242484142,47685.9572524664,76933.8627915093,0.5,0.029,0.277,0,-2015.6854706321
10965003.9154919,635.766014086695,7293.24869301699,27907.0698009548,1.71875,0.025,0.478,0,-282.890891890419
10876902.8635889,2836.41583677201,24344.7099743176,96756.0106000342,1.125,0.044,0.423,0,-806.98637436096
10986185.188272,382.953513377993,3747.17728581478,10524.680928867,1.23958333333333,0.016,0.197,0,-134.534187429747
10819821.5890298,3884.63563898682,22756.4172656435,154377.358065476,0.5,0.069,0.229,0,-517.234556894045
10970647.5712521,410.564640454483,5268.57147885612,24513.2926285018,1.55208333333333,0.025,0.478,0,-213.718066854355
10729645.877483,8288.11134384283,14932.3075933905,247973.70357976,1.63541666666667,0.083,0.204,0,764.287678826278
10942755.2582156,750.350042273171,13128.8942181704,44205.4975238812,1.08333333333333,0.025,0.478,0,-585.069351491091
10904469.9805891,4515.03054890948,25212.468119155,66642.5207427878,0.5,0.0555555555555556,0.192307692307692,0,-532.36802102075
10998342.8912313,362.592201957406,1249.83697651703,884.679590265565,3.2875,0.029,0.277,0,5.84332372043755
10257276.4091985,32038.2799361334,82322.8735537455,629202.437311545,0.96875,0.083,0.204,0,1587.70071280233
10994036.3855739,105.751131843221,2049.73779218846,4648.12550212518,0.666666666666667,0.016,0.197,0,-93.5441226182358
10926482.8071131,13292.2692676429,26804.6119574642,34260.3116617978,1.942,0.069,0.229,0,1067.15066293005
10800175.2434106,2448.361024239,10417.8081765134,187798.587388577,0.78125,0.069,0.229,0,-108.010552200898
10958283.0056027,401.361397848913,3456.02940070748,38699.6035986851,1.15625,0.044,0.423,0,-114.814398595996
10836172.397285,1542.9608054359,20847.3140167004,142277.327892934,0.677083333333333,0.044,0.423,0,-861.46072728605
10983588.9614515,192.861663510833,7070.36459564403,9987.81228936881,0.5,0.025,0.478,0,-355.697334391383
10999431.8739626,148.261380633913,596.325977464193,663.538679282234,2.7,0.044,0.423,0,-4.58147499946688
10999063.4479041,191.749333194323,956.75655133468,628.046211364225,2.64,0.016,0.197,0,-16.28309885381
10999073.5288541,527.026887434037,922.991774876914,316.452483595464,2.86,0.0555555555555556,0.192307692307692,0,50.0850016315802
10901810.947926,3936.70228405228,23084.1102209201,72008.2395690381,0.5,0.0555555555555556,0.192307692307692,0,-525.408335186307
10992143.0110309,196.984696046075,1941.5287355274,6558.47553762245,1.32291666666667,0.016,0.197,0,-69.9862193602048
10764231.5626102,3950.99992614574,8067.6877308067,224589.749732829,1.36458333333333,0.083,0.204,0,311.761416458669
10856894.29388,3124.45615972533,8968.19865733935,131853.051302889,1.33333333333333,0.0555555555555556,0.192307692307692,0,102.62176552103
10504739.0443178,5613.56120644313,33109.158626887,457378.235848725,0.5,0.0555555555555556,0.192307692307692,0,-759.817107963627
10918096.1484118,832.146684894155,5854.46247001843,76057.2424333065,0.5,0.036,0.142,0,-165.204246103299
10842823.3971088,11821.8201875066,39279.7104873596,106915.07221624,0.5,0.083,0.204,0,91.1925112910113
10992415.7162035,486.527909376638,4621.08227145144,3316.6736157157,2.096,0.025,0.478,0,-163.184095174562
10998896.5569278,203.166470686135,1048.09197188962,692.184629613928,2.572,0.016,0.197,0,-19.1615660996762
1698450.46808581,105625.820265242,327276.336364848,8869487.37528414,2.8,0.072,0.134,0,2133.74882990716
11000334.4838427,146.766211060729,95.580768931713,263.169177262255,3.0075,0.029,0.277,0,20.0843165710519
10996931.6464761,23.9552897638462,367.412466568326,3516.98576762093,0.548,0.039,0.341,0,-15.804504709705
10927712.2337545,6478.22147622261,35318.6795651438,31330.8652042085,1.82,0.029,0.277,0,-724.163734720023
10851837.1823056,2321.96112273018,24669.1492972816,122011.70727438,0.885416666666667,0.044,0.423,0,-924.00086962846
10289762.7271103,25859.3656541731,89238.2152299022,595979.692005471,0.979166666666667,0.069,0.229,0,15.3327053962469
10998768.2936782,81.6928739935258,774.759408730962,1215.25403906085,0.84,0.039,0.341,0,-27.3324901776243
10343326.9693092,27814.8867184448,89385.3630834956,540312.78088864,1.07291666666667,0.069,0.229,0,383.162398523931
10791090.3669822,2416.84169666557,6614.71874407864,200718.072577011,0.916666666666667,0.083,0.204,0,97.3333685811842
10883338.5970222,5802.13854243127,48939.6534776022,62759.6109577599,1.04,0.029,0.277,0,-1604.73119082144
10987017.475958,391.709880244668,3548.98602120301,9881.82814058128,1.35416666666667,0.016,0.197,0,-121.836240914637
1057132.79532349,40735.3397089725,1288506.6197531,8614465.24521444,2.8,0.029,0.277,0,-63747.4728887984
10974378.200737,783.668648602249,2790.21314344837,22887.9174709873,1.19791666666667,0.036,0.142,0,-4.29801239118565
10925791.4811299,2190.68053563533,10504.3480062987,62353.4903281526,0.729166666666667,0.036,0.142,0,-162.304311076738
10963279.763996,304.302992965955,3688.19193133208,33567.7410797147,0.802083333333333,0.044,0.423,0,-146.391018630134
10999507.9802677,364.418352756824,623.353853044313,344.247526443179,2.82,0.036,0.142,0,35.4328950965609
10853763.3052194,2388.65586268244,24855.7192583064,119832.319659629,0.90625,0.044,0.423,0,-921.555982399954
10991611.3572772,1297.37984617048,4855.78992337969,3075.4729532486,2.9375,0.029,0.277,0,-20.4022633541599
10996305.1103716,6.48723230571654,88.7933863983414,4439.60900964555,0.5,0.039,0.341,0,-3.68425467742754
10797975.6808356,2419.67766343303,9851.83050176477,190592.810999152,0.822916666666667,0.069,0.229,0,-82.0180858395095
10957561.6321592,424.522330889361,3539.03648310014,39314.8090267516,1.19791666666667,0.044,0.423,0,-114.910330018054
10669948.3313566,14799.7391821818,33929.2622422354,282162.667218831,1.66666666666667,0.069,0.229,0,961.200066931964
10617893.2454636,19598.3718460132,47574.0965554414,315774.286134813,1.54166666666667,0.069,0.229,0,1125.87007657268
10931118.2326049,410.429812797684,11634.9509474471,57676.3866347745,0.645833333333333,0.025,0.478,0,-567.449891858262
7479792.15433761,492543.144879022,879725.701354619,2148778.99942876,1.37,0.072,0.134,0,45846.3572113784
9480913.01122582,203885.404100807,730570.365699924,585471.218973476,3.665,0.029,0.277,0,-1382.00641746956
10983269.1017863,253.859777324214,3853.33058026424,13463.7078561736,0.75,0.016,0.197,0,-165.261823572315
10805318.1474015,2955.80938548199,10959.8552571831,181606.187955756,0.625,0.083,0.204,0,-40.544426141193
10982455.1079553,970.67004184046,5869.57991585597,11544.6420870373,0.5,0.036,0.142,0,-139.425684760958
5851606.23516227,196986.532763362,303085.090951937,4649162.14112247,2.58,0.072,0.134,0,21042.9648254863
10965313.2646161,297.343597767405,4511.42442048375,30717.9673656198,0.635416666666667,0.044,0.423,0,-193.427577291144
10852716.2172556,3492.81193349095,9675.83069787813,134955.140112984,1.39583333333333,0.0555555555555556,0.192307692307692,0,134.176908036472
10984136.9683561,267.226059461378,7545.70114111571,8890.10444326426,0.5,0.025,0.478,0,-367.822573682152
10929474.7809803,317.03683874159,10589.8370332194,60458.3451476329,0.541666666666667,0.025,0.478,0,-527.358528689284
4633224.04701251,301702.152999285,485544.211221995,5580369.58876626,2.91,0.072,0.134,0,31043.3837461113
10951357.218671,803.022881103329,11673.0521742901,37006.7062734836,1.32291666666667,0.025,0.478,0,-494.090245616662
10998567.8718017,787.8754983632,725.306515919535,758.946184035888,3.105,0.072,0.134,0,110.724142955254
10805062.9038952,9253.35722394094,21575.5751200812,164948.163760646,1.70833333333333,0.0555555555555556,0.192307692307692,0,580.861504291773
10822568.9927186,557.385904763024,10346.6241747251,167366.997201951,0.5,0.044,0.423,0,-467.611105058295
10918124.2795445,16923.9397385124,26589.0727680354,39202.7079488847,1.9,0.083,0.204,0,1777.42681305887
2328275.08722345,205932.138124548,2954276.14880099,5512356.625851,2.8,0.029,0.277,0,-124524.766502363
10943725.6231957,1149.34851477029,7131.2473689504,48833.7809205002,1.66666666666667,0.044,0.423,0,-175.183999774466
10936036.5862194,604.77660661697,13056.785584365,51141.8515894349,0.864583333333333,0.025,0.478,0,-609.047172082481
10987415.4170855,610.270976520639,6911.35689157472,5902.9550464202,1.64285714285714,0.025,0.478,0,-266.606274829213
10278643.2048782,25268.6151093158,88670.5708925875,608257.609119723,0.958333333333333,0.069,0.229,0,-66.798910733281
10999639.5486855,265.210865939575,513.395929506279,421.844519057664,2.98,0.016,0.197,0,22.4913910097845
10996282.1806688,3.67435822566433,66.2071199162226,4487.93785298381,0.446666666666667,0.039,0.341,0,-2.97288868761014
10985674.2620411,372.541383124919,3843.21897735094,10949.9775984295,1.16666666666667,0.016,0.197,0,-141.86715917042
10626881.3079981,17283.8284233796,56105.9411912531,300568.922387107,1.08333333333333,0.0555555555555556,0.192307692307692,0,206.902265592516
