S,E,I,R,rzero,gamma,sigma,c,dI
10113875.3509333,14745.2278617925,51754.503092678,820464.91811225,0.625,0.083,0.204,0,-38.8125100071111
10867689.5768226,2423.35928365321,43231.0641213905,87495.9997723817,0.5,0.029,0.277,0,-1971.6315786318
10804762.8314467,2912.59292181251,10661.2233713846,182503.352260044,0.635416666666667,0.083,0.204,0,-33.1688081242406
10969718.724029,11238.9633635443,10192.0960328485,9690.21657458706,3.1875,0.072,0.134,0,1585.80605889218
10998556.9600971,548.762146561979,1036.46556111995,697.812195202699,2.586,0.036,0.142,0,48.0877624875808
10999081.8709291,446.688353497449,812.636108946727,498.80460844204,2.7,0.036,0.142,0,40.7252129490507
10990129.3554506,3845.4300513885,3470.58592223712,3394.62857577993,3.2625,0.072,0.134,0,563.827893147358
10806448.1361241,3050.74779149542,11607.0292690494,179734.086815344,0.604166666666667,0.083,0.204,0,-58.2690166277754
10132208.3883674,7824.16517404297,44550.6630292847,816256.783429112,0.510416666666667,0.069,0.229,0,-971.22839145812
10999748.818433,442.42176114632,274.54984796948,374.209957843805,3.0225,0.072,0.134,0,53.1362208270162
1077852.96696553,43279.2822243951,1341504.79061827,8538202.96019181,2.8,0.029,0.277,0,-66243.190134527
10916783.0451407,664.463751819513,4688.98003611947,78703.5110714242,0.5,0.036,0.142,0,-132.669420468614
10486081.5234841,2498.21311909198,15769.9871439411,496490.276252814,0.5,0.0555555555555556,0.192307692307692,0,-396.133007080796
10936971.8073477,13608.5785356902,20869.7164131983,29389.8977033819,1.97,0.083,0.204,0,1456.299799653
10999639.5486855,265.210865939575,513.395929506279,421.844519057664,2.98,0.016,0.197,0,22.4575371218993
10996288.3554607,4.2100748714266,73.069118680122,4474.36534574839,0.463333333333333,0.039,0.341,0,-3.25021260713124
10064568.6525628,2606.00503803356,11479.7271221547,922185.615276975,0.5,0.083,0.204,0,-136.380967928562
10995415.2531094,1375.2807367342,2366.27139977962,1683.19475409631,2.558,0.0555555555555556,0.192307692307692,0,132.036684366209
10092486.1743621,9332.51784451234,37748.1039055225,861273.203887863,0.510416666666667,0.083,0.204,0,-301.263115396788
10981416.1285569,141.633340020066,4974.52919448655,14307.7089085521,0.552083333333333,0.025,0.478,0,-249.313977398548
10987415.4170855,610.270976520639,6911.35689157472,5902.9550464202,1.64285714285714,0.025,0.478,0,-266.687336278883
10996560.1301744,4.83241543714956,64.5788716221626,4210.45853851919,0.644444444444444,0.039,0.341,0,-2.65627752719845
1643335.56175584,84614.1197469194,273796.190725697,8999094.12777158,2.8,0.072,0.134,0,1062.523812848
10994950.6048004,182.527579887374,2797.69833497418,2909.16928475728,0.5,0.016,0.197,0,-120.287971785348
10971761.3186666,640.554498437884,10276.5829445724,18161.5438904,0.5,0.044,0.423,0,-447.14584104985
10996320.5013377,353.327552873311,2315.4553591205,1850.71575028552,1.956,0.016,0.197,0,-60.6856978749714
10996623.7046558,6.25172901956781,117.92187389497,4092.12174126012,0.45,0.039,0.341,0,-5.35448383190198
9546159.35996944,193692.008345629,696201.18534407,564787.446340879,3.63,0.029,0.277,0,-1411.87201757442
10924995.507738,2077.43698778718,10290.4211439946,63476.6341302553,0.697916666666667,0.036,0.142,0,-172.226277607546
10894691.4998954,2786.41995125818,16980.9086617506,86381.1714915834,0.5,0.0555555555555556,0.192307692307692,0,-407.518869019202
10999494.3138356,109.089255178886,658.446771172323,578.150138118329,1.456,0.039,0.341,0,-15.619926855121
10948292.8751153,799.117195323182,12337.7547511874,39410.2529381307,1.23958333333333,0.025,0.478,0,-531.933580016181
10654071.5373463,16392.2430547146,38257.80690261,292118.41269621,1.625,0.069,0.229,0,1026.70495986291
2310699.06576971,279148.048881163,596363.550153765,7814629.3351954,3.54,0.072,0.134,0,20599.797675259
10909017.581639,6729.30818141538,42452.208394462,42640.9017851734,1.52,0.029,0.277,0,-1088.87632744572
10943773.2690109,5697.77582250708,28342.8090832575,23026.1460833373,2.06,0.029,0.277,0,-451.975342757913
10581603.475616,22288.8694499903,56134.8768757232,340812.77805815,1.46875,0.069,0.229,0,1167.8622250616
10801280.3416735,2469.22118019943,10752.1566642209,186338.280482026,0.760416666666667,0.069,0.229,0,-121.605601785233
10720208.9239162,15816.7236242904,42914.2869564482,221900.065502987,1.375,0.0555555555555556,0.192307692307692,0,658.381556399194
10975193.1468592,5346.44958151461,9804.49028047392,10495.9132787834,2.222,0.069,0.229,0,483.297908374386
10997143.8208253,813.160127020475,1618.84381481786,1264.17523291174,2.418,0.036,0.142,0,66.4922441960822
10267049.5270939,82698.1945074375,323934.443870307,327157.834528451,3.035,0.029,0.277,0,-2076.23114445051
10951512.0804627,8821.18354235893,18389.1072487021,22117.6287462049,1.942,0.0555555555555556,0.192307692307692,0,675.115414262031
10776912.581283,2959.06567306567,8944.09410538631,212024.25893837,1.1875,0.069,0.229,0,71.4940973948437
10626881.3079981,17283.8284233796,56105.9411912531,300568.922387107,1.08333333333333,0.0555555555555556,0.192307692307692,0,206.677024900849
10999507.9802677,364.418352756824,623.353853044313,344.247526443179,2.82,0.036,0.142,0,35.4643517275423
10930933.8312766,400.919475414312,11539.1814750066,57966.0677728135,0.635416666666667,0.025,0.478,0,-563.844839786261
10901810.947926,3936.70228405228,23084.1102209201,72008.2395690381,0.5,0.0555555555555556,0.192307692307692,0,-525.40657172889
10756288.879604,4796.3928374774,9394.9089601474,230359.818598349,1.44791666666667,0.083,0.204,0,403.410041548249
10768223.3175685,3531.31379779662,9938.46812238144,219146.900511196,1.30208333333333,0.069,0.229,0,126.970065860725
10104805.522797,12647.5056475119,46595.9135691441,836791.057986356,0.583333333333333,0.083,0.204,0,-157.24386092964
10358217.106682,35191.32186183,81152.6175453326,526278.953910833,1.125,0.083,0.204,0,2258.80961643821
10774314.484102,3082.90743035744,6782.81297199277,216659.795495634,1.22916666666667,0.083,0.204,0,215.585336141768
10977349.8339374,209.282690391648,3856.54757762765,19424.3357945297,1.0625,0.025,0.478,0,-174.27109291214
10999526.6657158,174.614302381511,617.207822576748,521.512159213983,3.2025,0.029,0.277,0,-17.0230812944722
3636345.92109055,345199.514982975,585965.029534568,6433329.53439195,3.455,0.072,0.134,0,33838.3726741115
10996383.6989856,15.2907757823638,79.2306966649266,4361.77954190813,1.68,0.039,0.341,0,-1.45329658994071
10989764.0942497,349.778231331753,2638.66802711351,8087.45949195943,1.72916666666667,0.016,0.197,0,-79.4016133897725
10990579.3522219,293.51131325,2358.05892119826,7609.07754377175,1.64583333333333,0.016,0.197,0,-74.6363954508321
10796492.8167689,2488.22680825649,7557.47602075372,194301.480402041,0.802083333333333,0.083,0.204,0,59.3076644381289
10976715.7383589,223.405577025144,3895.5462248725,20005.3098391449,1.125,0.025,0.478,0,-173.602304130889
10996475.5843846,6.37714217172528,43.7766639324184,4314.26180925359,1.53,0.039,0.341,0,-1.19646319132102
10756492.0859924,13644.0933477748,34700.9876894686,196002.832970282,1.5,0.0555555555555556,0.192307692307692,0,695.577721931359
10926638.4359228,2300.47938579352,10692.4601591851,61208.6245322064,0.760416666666667,0.036,0.142,0,-151.496502732191
10986032.017312,1287.54024392957,6748.51826619292,6771.92417786552,1.97,0.044,0.423,0,-127.572333855307
10981610.0113948,113.397408578382,2687.61118296785,16428.9800137282,0.5,0.016,0.197,0,-127.567185351752
10816120.9046963,4566.48710982737,18987.4319343446,161165.176259459,0.5,0.083,0.204,0,-175.632722408308
10979429.0188075,571.347170186919,3507.14249678823,17332.4915255484,0.645833333333333,0.036,0.142,0,-85.1189037959336
10982022.2980627,148.493436759676,5542.92433361857,13126.2841668856,0.5,0.025,0.478,0,-279.239967892822
10968357.4723201,387.727578848096,7106.46193492802,24988.3381661256,0.5,0.044,0.423,0,-320.062961901296
10952893.3696579,799.200158524996,11289.0901122861,35858.340071263,1.36458333333333,0.025,0.478,0,-473.277448306063
10993502.2431334,130.124224576801,1873.85789648525,5333.77474566156,0.895833333333333,0.016,0.197,0,-79.0384009534362
10927214.1059669,224.877206768448,8434.81564884864,64966.2011773579,0.5,0.025,0.478,0,-425.404408747748
10925036.7878557,167.525021626653,6285.07202536103,69350.6150971768,0.5,0.025,0.478,0,-316.828477311796
10511749.475025,7214.22716245203,38407.3688390883,443468.928973344,0.5625,0.0555555555555556,0.192307692307692,0,-746.408920320156
10957799.9274044,761.951397399694,9863.33330858829,32414.7878895192,1.5,0.025,0.478,0,-401.43364447708
10865543.8811376,2499.09864695836,7914.43986943004,124882.580345983,1.17708333333333,0.0555555555555556,0.192307692307692,0,40.4881634544689
10811039.6763018,11448.20907291,51065.6069559494,127286.507669335,2.53,0.029,0.277,0,-689.022289174428
10996265.9175724,2.22360168744902,45.1667601074696,4526.69206576898,0.4,0.039,0.341,0,-2.07177303828278
10960381.2897734,346.491320377194,3346.88084076268,36765.3380654079,1.02083333333333,0.044,0.423,0,-119.237780048116
2050964.09807114,170850.334347284,2768418.4518463,6010607.11573527,2.8,0.029,0.277,0,-120995.244080566
10970285.5174239,491.43204177798,8941.88241410385,21121.1681201933,0.5,0.044,0.423,0,-402.361501468852
10824521.6324197,660.752535555282,12259.867541909,163397.747502926,0.5,0.044,0.423,0,-554.077380145648
10956184.4414276,474.236550648967,3746.65165317572,40434.6703685461,1.27083333333333,0.044,0.423,0,-117.243368139294
4760638.22611618,294061.698837764,468855.22277934,5477284.85226676,2.88,0.072,0.134,0,30510.4433928174
10904439.4254463,2679.33589620689,19391.6603013271,74329.5783561496,1.36458333333333,0.044,0.423,0,-561.757001799173
10996275.8117949,3.11277984460691,58.5531511000848,4502.52227416753,0.426666666666667,0.039,0.341,0,-2.65981366570966
10994653.7610794,1650.27708698737,2175.87317365949,2360.08865991998,2.488,0.083,0.204,0,194.566905374664
10983178.3350446,246.126374485055,3828.90885247761,13586.6297285214,0.729166666666667,0.016,0.197,0,-165.377947028297
10820196.7887609,432.009496821898,8021.11740739759,172190.084334937,0.5,0.044,0.423,0,-362.149836892591
10917497.5230059,755.182412143884,5323.69478353426,77263.5997984425,0.5,0.036,0.142,0,-150.495335204377
10174646.1749791,15558.0904013678,68960.5410653529,741675.193554058,0.708333333333333,0.069,0.229,0,-838.761540051815
6624864.71752457,162520.381593147,586315.905774211,3627138.99510809,0.5,0.072,0.134,0,-1339.61889531744
10803395.3804423,12467.9861550823,54626.7763748259,130349.857027775,2.55,0.029,0.277,0,-648.2462441854
10257276.4091985,32038.2799361334,82322.8735537455,629202.437311545,0.96875,0.083,0.204,0,1587.71785877725
10998599.0810057,659.134948332045,1097.60014045325,484.183905559764,2.8,0.0555555555555556,0.192307692307692,0,65.5597593650512
10996252.4188091,1.26548056674757,25.8626779947834,4560.45303227911,0.4,0.039,0.341,0,-1.20842256281483
10933447.2519058,514.878128425792,12531.2865832993,54346.5833823806,0.760416666666667,0.025,0.478,0,-597.164884462762
10627090.0410304,120678.979823814,121867.666379203,131203.312766564,2.7,0.072,0.134,0,16453.9536743298
10980557.1734127,153.911591086442,4418.23392931771,15710.6810668254,0.677083333333333,0.025,0.478,0,-215.778596420953
10983222.5682048,1316.2735960126,6293.95238687047,10007.205812386,0.5,0.036,0.142,0,-96.4108551808928
10996187.1126273,1161.05819822523,1915.07393018243,1576.75524431537,2.586,0.069,0.229,0,118.274581926799
10996220.996016,975.438181951121,1990.61291055483,1652.95289149461,2.334,0.036,0.142,0,76.9971797436723
10990389.0031768,306.576123126238,2420.67246486211,7723.74823526351,1.67708333333333,0.016,0.197,0,-75.5479501835038
10079319.4302583,5883.94549763148,25673.3830471497,889963.24119689,0.5,0.083,0.204,0,-295.013743292082
10999629.494755,343.30443161268,565.749889725857,301.450923595431,2.86,0.036,0.142,0,34.5149050262352
9836225.48113873,318244.272992327,368270.068772531,478100.177096436,2.28,0.072,0.134,0,40739.200059189
10793007.5612685,2417.73485314526,8996.63731714176,196418.066561085,0.916666666666667,0.069,0.229,0,-33.6179788383955
10996349.937864,1174.82751890624,1994.70865771365,1320.52595932431,2.6,0.0555555555555556,0.192307692307692,0,114.680403505223
10996435.7952056,12.0095568570168,56.8877411173216,4335.3074963866,2.12,0.039,0.341,0,-0.859240576402384
10982441.54301,2418.70987760371,9646.90285735407,6332.84425509317,2.7,0.029,0.277,0,-102.191194856672
10990518.4296431,2380.12833335661,4277.08352854621,3664.35849495211,2.404,0.0555555555555556,0.192307692307692,0,219.960052263425
10758436.254192,4556.22890714995,9015.25860300119,228832.258297825,1.42708333333333,0.083,0.204,0,374.983436952553
10978173.7359028,592.416395295232,2999.04280144214,19074.804900505,0.802083333333333,0.036,0.142,0,-52.7862862624713
10985849.7884597,528.687769784788,7475.54603068988,6985.97773983191,1.25714285714286,0.025,0.478,0,-313.697974121836
10523914.8003811,9457.56756919332,44837.8195867423,422629.812462875,0.65625,0.0555555555555556,0.192307692307692,0,-672.232811631789
10343326.9693092,27814.8867184448,89385.3630834956,540312.78088864,1.07291666666667,0.069,0.229,0,382.630122272373
10128129.4990188,6868.97493576123,40757.5305218782,825083.995523406,0.5,0.069,0.229,0,-943.714551843074
10999684.7856941,446.95446587967,312.889187269761,395.370652799391,3.03,0.072,0.134,0,76.7099815151384
10999635.5776639,157.656577171729,559.344434904086,487.421323983193,3.1875,0.029,0.277,0,34.3891984127269
10967943.1281809,1429.60331688349,4014.54768269648,27452.7208194939,1.60416666666667,0.036,0.142,0,51.9289870907468
10999272.8812132,107.808559493865,719.598427140972,739.711800198673,1.288,0.039,0.341,0,-19.2447186415555
4875426.02780962,466247.575305665,2982456.66942518,2676709.72745953,3.185,0.029,0.277,0,-76047.3020771243
10999023.750413,157.819569374947,1175.10164230287,483.328375290219,2.74,0.025,0.478,0,-34.9755834326771
10983990.0623161,304.616473243803,3958.7409758029,12586.5802349248,0.895833333333333,0.016,0.197,0,-161.335080062117
10992975.2551091,154.371696725922,1843.55771676842,5866.81547748577,1.08333333333333,0.016,0.197,0,-72.7293266750715
10997177.5432652,43.7242041353254,572.021436935951,3046.71109379828,0.56,0.039,0.341,0,-23.3589999076821
9723013.75085954,165997.008803666,603469.108432244,508360.13190457,3.525,0.029,0.277,0,-1626.0364709208
10667505.1248927,17285.1452572041,30388.6701151694,285661.059734849,1.64583333333333,0.083,0.204,0,1635.4279123261
10999582.5253395,165.905822329493,587.521505369523,504.047332854134,3.195,0.029,0.277,0,-35.0860727789078
10983449.9770317,1485.65166637344,6352.70796910884,9551.66333288729,0.5,0.036,0.142,0,-67.2234635668878
10562525.9211453,14083.1311892836,54717.4051911461,369513.542474141,0.854166666666667,0.0555555555555556,0.192307692307692,0,-331.454317876739
5353105.45500077,247934.329111193,382112.337810956,5017687.87807713,2.73,0.072,0.134,0,26460.5377530282
10949716.6318617,784.217041611289,5274.34098784636,45064.8101087875,1.52083333333333,0.044,0.423,0,-142.310531358975
10109632.0676105,3595.54613733069,22309.0533619782,865303.332890012,0.5,0.069,0.229,0,-548.24853859433
10947014.6367222,941.647633847538,6076.49195999545,46807.2236839334,1.59375,0.044,0.423,0,-156.821583019525
1518007.9326811,38117.1549844224,133946.7508514,9310768.16148312,2.8,0.072,0.134,0,-128.108867465369
10825921.5491681,736.19377661301,13629.7649691496,160552.4920862,0.5,0.044,0.423,0,-615.889847562546
10971923.3514816,992.386497347893,3133.70199232228,24790.5600286843,1.38541666666667,0.036,0.142,0,16.8116533328024
2133283.90258627,245561.373381619,557713.492623581,8064281.23140857,3.5,0.072,0.134,0,16239.4547699865
10982201.5282321,140.668730919911,3253.89640180084,15243.9066351912,0.5,0.016,0.197,0,-153.77969748689
10965690.3859793,297.75729772096,4744.44416499632,30107.4125579437,0.604166666666667,0.044,0.423,0,-206.649277080789
10990935.697576,269.764357492408,2246.33261799609,7388.20544859987,1.58333333333333,0.016,0.197,0,-72.9289723733676
10987707.8066244,1171.41561253475,6031.77235215891,5929.00541093304,2.012,0.044,0.423,0,-109.85274510723
10780386.8138331,11723.7584725049,28522.6891608021,180206.738533527,1.59375,0.0555555555555556,0.192307692307692,0,669.955303541218
10986334.2433637,385.243311150342,3715.23614269513,10405.2771824319,1.26041666666667,0.016,0.197,0,-132.370034259508
10980619.8529756,627.518565622166,4371.02465785512,15221.6038009468,0.5,0.036,0.142,0,-122.207973678967
10506545.518559,6048.16212899262,34631.4386612111,453614.880650686,0.510416666666667,0.0555555555555556,0.192307692307692,0,-760.632692349302
10519439.7686524,8696.29781991023,42771.9859318965,429931.947595712,0.625,0.0555555555555556,0.192307692307692,0,-703.950189105192
10881918.0919348,5637.46893717251,49103.0866590777,64181.3524689799,0.98,0.029,0.277,0,-1594.81860341273
1298083.22916394,71310.3055070505,1823690.12059698,7807756.34473205,2.8,0.029,0.277,0,-87599.7096312744
10981347.3355709,142.517693377783,4918.77530609619,14431.3714295454,0.5625,0.025,0.478,0,-245.960249750714
10211091.141259,28604.9272921807,78411.1564449132,682732.775003916,0.885416666666667,0.083,0.204,0,1144.27228744066
10928938.5712993,281.371495861032,10125.7511090994,61494.3060956394,0.5,0.025,0.478,0,-508.556369477375
10171988.5030987,24387.4094361692,71743.7631961884,732720.324268917,0.802083333333333,0.083,0.204,0,702.935784049119
10498372.4989944,26618.620036501,72660.8693710464,403188.011597864,1.32291666666667,0.069,0.229,0,1082.35734209054
10997218.7645686,50.9318912720844,591.720812705681,2978.58272743092,0.65,0.039,0.341,0,-23.0852343871274
10997783.1256537,68.987599625276,603.965412053289,2383.92133465096,1.02,0.039,0.341,0,-20.2673676285153
10999014.2922214,515.416672947625,637.460860252985,672.830245449571,2.76,0.083,0.204,0,65.6574018450902
10999201.5341249,174.2939086077,714.32257791299,749.84938863159,2.64,0.044,0.423,0,-5.98309670776849
10691311.8160615,26585.1694575252,109396.433793763,173546.58068716,2.74,0.029,0.277,0,-970.441708381893
10887637.4471822,2122.90304731342,11493.8033659176,99585.8464045051,0.625,0.0555555555555556,0.192307692307692,0,-230.261542517863
10995755.5714811,738.726259824344,2647.66716268236,1698.03509645129,3.1,0.029,0.277,0,6.19563229475939
10891386.3426866,2838.88764856121,22196.1225653136,84418.6470995224,1.25,0.044,0.423,0,-687.144849552068
10981588.6304062,112.525147111413,2667.02753329438,16471.8169134539,0.5,0.016,0.197,0,-126.499870831501
10900944.4283681,2736.77998201895,20214.7939785985,76943.9976712979,1.33333333333333,0.044,0.423,0,-596.799757128263
10981675.1497589,116.060296260578,2750.31440101878,16298.4755438752,0.5,0.016,0.197,0,-130.555487048745
10993863.3055359,1356.50557664354,2916.33331372972,2703.85557373148,2.166,0.036,0.142,0,98.7794359695002
10926608.2948428,208.915023044089,7836.76916932083,66186.0209647635,0.5,0.025,0.478,0,-395.413792866947
10611502.6838515,23461.2349797731,43557.3027362615,322318.778432373,1.52083333333333,0.083,0.204,0,2092.80672724291
10953324.6025506,2815.71376787993,8134.11263866368,36565.5710429084,1.44791666666667,0.036,0.142,0,89.5082750101992
1568382.31442752,56765.1243738149,193185.591773221,9182506.96942549,2.8,0.072,0.134,0,213.377403419502
10971443.796709,1039.33316315163,3223.13400716536,25133.7361206892,1.41666666666667,0.036,0.142,0,20.7936850773004
10953276.5703672,797.657711515502,11188.4042373302,35577.3676838356,1.375,0.025,0.478,0,-468.382703267753
10999663.0,297.0,466.0,414.0,3.0,0.016,0.197,0,31.2776508263779
10933506.3062266,14234.4135795897,21933.3285808584,31165.9516129511,1.956,0.083,0.204,0,1519.40039625583
10592388.5803397,21541.8130135754,53673.5835817162,333236.023064855,1.48958333333333,0.069,0.229,0,1160.06445364961
10996565.034197,4.91212692707303,67.3082139656736,4202.74546207927,0.627777777777778,0.039,0.341,0,-2.79404831268256
10990820.3442443,277.347193290959,2281.66018132704,7460.64838115779,1.60416666666667,0.016,0.197,0,-73.4544641542514
10656866.8052266,17495.4725599232,53344.2559056326,273133.466307699,1.17708333333333,0.0555555555555556,0.192307692307692,0,401.885443161399
10799490.7550663,2597.11704747808,8415.8101831956,190336.317702958,0.739583333333333,0.083,0.204,0,32.1974228457213
10996640.8364807,7.09615869712863,140.069242671224,4051.99811798592,0.405555555555556,0.039,0.341,0,-6.4223097052949
10548417.4159951,12716.6806159519,52329.5063241344,387376.39706475,0.791666666666667,0.0555555555555556,0.192307692307692,0,-461.443100351641
10978852.4717593,577.549779076761,3230.18016368274,18179.7982979601,0.71875,0.036,0.142,0,-68.3091405805919
10996544.2577523,4.61620348895309,57.0261721289988,4234.09987209317,0.7,0.039,0.341,0,-2.2791389586752
10981484.1575129,108.270442036418,2566.44205513593,16681.1299900423,0.5,0.016,0.197,0,-121.678886379716
10952125.7352209,801.584639953215,11484.9575674918,36427.7225715964,1.34375,0.025,0.478,0,-483.656038815891
10117973.5899255,4980.59989437713,30728.7194303815,847157.090749514,0.5,0.069,0.229,0,-749.829766326149
10989322.2005484,1591.67264204861,6061.93032413127,3864.19648546655,2.875,0.029,0.277,0,-51.9737674382181
10987480.4136067,392.532650278233,3419.83604724032,9547.21769587199,1.41666666666667,0.016,0.197,0,-114.47440293521
10977452.9302348,2952.13081382891,12207.185762607,8227.75318880201,2.58,0.029,0.277,0,-103.595164105966
10195187.8375532,18232.5278674346,75724.4090030905,711695.225576106,0.770833333333333,0.069,0.229,0,-700.768633002446
10979221.2966551,2767.93171843386,11304.6206044893,7546.15102200786,2.62,0.029,0.277,0,-112.660258821418
10962222.6982554,315.041934494319,3476.7356399342,34825.5241701203,0.885416666666667,0.044,0.423,0,-132.746788138114
5910687.37697502,189733.19910487,294257.921714241,4606161.50220592,2.56,0.072,0.134,0,20125.7836410283
10809400.2274446,3356.20918071784,13553.0002434776,174530.563131194,0.552083333333333,0.083,0.204,0,-107.75709301428
10992811.4466402,162.280182973359,1851.69516728265,6014.57800963913,1.13541666666667,0.016,0.197,0,-71.6857846762142
10690666.8585993,101726.603227483,101286.788234283,107159.749938938,2.76,0.072,0.134,0,13942.8877951395
10071141.2376375,4052.3745040622,17824.1021595864,907822.285698861,0.5,0.083,0.204,0,-209.836857280808
10982452.8740699,159.774904721648,5963.67754713999,12263.6734781935,0.5,0.025,0.478,0,-300.638752157208
10982049.083671,132.167769479107,3109.43323900871,15549.3153205909,0.5,0.016,0.197,0,-147.393200482447
10999166.2341143,105.330448668554,743.103997804736,825.331439255862,1.204,0.039,0.341,0,-21.0291880665791
10917218.9062336,719.712109417718,5076.2873149876,77825.094342072,0.5,0.036,0.142,0,-143.691137510226
10831249.8654714,7846.09721539533,31332.0283952802,130412.008917857,0.5,0.083,0.204,0,-230.234449427919
10961112.7272367,332.061790089947,3367.84950942705,36027.3614637211,0.96875,0.044,0.423,0,-123.542614398718
10830035.5751123,1069.02040204551,17349.508639388,152385.895846348,0.552083333333333,0.044,0.423,0,-758.659714350143
10993786.5288709,430.610760301426,3948.13454555959,2674.72582322375,2.18,0.025,0.478,0,-136.246302023967
10993758.6049886,118.579788035952,1933.17355412787,5029.64166926319,0.791666666666667,0.016,0.197,0,-84.5976295585217
10997818.1622295,442.383473846917,1533.85581362422,1045.5984830481,3.2375,0.029,0.277,0,-64.5916686729094
10965924.3757457,1685.18581966388,4547.98921329659,28682.4492213191,1.6875,0.036,0.142,0,71.4385300846124
10966803.6990203,566.200696221193,6604.05253643774,26866.0477469778,1.71875,0.025,0.478,0,-257.878366012402
10998327.0641826,244.566742007598,1346.91952002889,921.449555374128,2.404,0.016,0.197,0,-27.7744629530679
2710197.47659624,332544.949551977,633907.138335011,7324190.43551681,3.61333333333333,0.072,0.134,0,28698.5760024868
10959688.9312847,2385.32636758649,6382.4617796415,32383.2805680749,1.61458333333333,0.036,0.142,0,104.093799990279
10860024.3952814,2874.87888457722,8512.99105709154,129427.734776865,1.28125,0.0555555555555556,0.192307692307692,0,80.2956070016459
4284486.91102817,317780.600824154,526446.225358429,5872126.26278929,2.99,0.072,0.134,0,31842.1014690185
1010402.90090483,35075.4500854647,1163267.5294302,8792094.11957952,2.8,0.029,0.277,0,-57895.9184690293
10994796.5619519,129.189847397748,2696.82603493783,3217.4221657425,0.5,0.016,0.197,0,-124.98016864666
10982175.6383576,139.012199901251,3229.57511902934,15295.7743234989,0.5,0.016,0.197,0,-152.663648037157
2725133.83956796,253048.598792641,3128665.43963073,4893992.12200866,2.8,0.029,0.277,0,-125188.408551782
10994432.6013302,100.112608483652,2361.53048529349,3945.7555760689,0.5,0.016,0.197,0,-111.919418442508
10996652.6920864,8.45030906299556,155.683974928824,4023.17362964588,0.426666666666667,0.039,0.341,0,-7.02552814966452
10971537.8571851,601.710782258049,10090.7761269124,18609.6559057389,0.5,0.044,0.423,0,-444.950711349249
10996650.1489091,8.16136714987685,152.506463120073,4029.18326065604,0.42,0.039,0.341,0,-6.88509148839115
10731201.3926954,7241.99087925621,17430.6378057759,244965.978619485,1.60416666666667,0.069,0.229,0,424.827265881014
10995132.3625183,1156.99066660813,2422.21521058566,2128.43160448552,2.25,0.036,0.142,0,87.9840298305422
8847850.03290748,289958.774188026,1070759.64237192,792271.550532586,3.65333333333333,0.029,0.277,0,-3771.1004198485
10966571.960869,303.106338388751,5417.51832757718,28547.4144649771,0.53125,0.044,0.423,0,-242.523497192329
4754685.41965829,458847.28012911,3023503.3214491,2763803.9787635,3.15,0.029,0.277,0,-79730.6340121789
10610857.9206221,16870.3612748201,56841.6845479017,316270.033555104,1.03125,0.0555555555555556,0.192307692307692,0,86.3267781705985
10483401.2987467,2094.91077885055,13229.2031385176,502114.58733589,0.5,0.0555555555555556,0.192307692307692,0,-332.945585930813
10926511.6919127,10526.8715417452,26604.8891380755,37196.5474074683,1.32142857142857,0.0555555555555556,0.192307692307692,0,546.550722604447
10996315.8168126,8.89507570366724,93.5049449158884,4421.78316679602,0.7,0.039,0.341,0,-3.48212194539462
10973902.4265673,1195.43816177981,10878.5154253636,14863.61984552,0.916666666666667,0.044,0.423,0,-374.419857520389
10985891.0048138,377.455792486784,3805.14137342819,10766.398020349,1.19791666666667,0.016,0.197,0,-138.830312327906
7996696.2472899,525673.21005416,823493.244015611,1654977.29864033,1.61,0.072,0.134,0,55344.6296299028
1507416.84098111,34188.9464675616,120958.371538239,9338275.84101314,2.8,0.072,0.134,0,-125.668765856953
10982846.83666,214.52167631384,3709.20463753812,14069.4370261408,0.645833333333333,0.016,0.197,0,-164.727441563148
1698450.46808581,105625.820265242,327276.336364848,8869487.37528414,2.8,0.072,0.134,0,2126.03472855557
10901310.9439367,34677.3152693864,32734.9659371852,32116.7748567435,2.9875,0.072,0.134,0,4834.63276031204
2343025.87358319,284592.645616469,601725.409338913,7771496.07146147,3.54666666666667,0.072,0.134,0,21286.607421285
10937793.4439583,653.70160020534,13223.4636182948,49169.3908231001,0.927083333333333,0.025,0.478,0,-609.085113823525
5786404.47511152,494130.095128545,2613819.77892045,2106485.65083948,3.43,0.029,0.277,0,-50205.9063812195
10991030.4969114,1760.44682873569,3985.5039313103,4063.55232858834,2.012,0.036,0.142,0,116.96641535457
1585976.44122929,63275.3402726569,212909.985319125,9138678.23317898,2.8,0.072,0.134,0,337.220322583737
10963794.9900575,300.935923902386,3838.18344155808,32905.8905770532,0.760416666666667,0.044,0.423,0,-155.127185817409
10997830.7983773,68.035673055319,604.365082034983,2336.80086765322,1.004,0.039,0.341,0,-20.504985056288
10999587.108353,222.367502015713,590.958532514489,439.565612460978,2.94,0.016,0.197,0,9.97448217857424
3393573.05691571,353703.365087922,605693.534783851,6647870.04321255,3.63,0.072,0.134,0,34339.4235186454
10809297.3372586,2751.87473816044,14386.2128157603,174404.575187412,0.614583333333333,0.069,0.229,0,-270.499259965799
10963071.6008319,679.538340234744,8032.52958469572,29056.3312430614,1.65625,0.025,0.478,0,-315.317741072023
10606147.4669052,23977.6463826846,44732.1501850595,325982.736526972,1.51041666666667,0.083,0.204,0,2125.38261642468
10979101.3074745,573.937367740366,3339.60504962106,17825.1501082068,0.6875,0.036,0.142,0,-74.928698872342
10466166.9356858,33351.1886405194,69992.233742756,431329.641930844,1.28125,0.083,0.204,0,2524.40688255829
10507816.7881237,31374.1865820699,63620.1362872711,398028.889006892,1.34375,0.083,0.204,0,2499.52315668678
10993969.8708597,108.854526920749,2015.59501712663,4745.67959631643,0.697916666666667,0.016,0.197,0,-91.036910699252
10971969.4837724,10440.0909457622,9446.89193052952,8983.53335129867,3.2,0.072,0.134,0,1481.88748288964
10875741.7543487,16737.7300419203,42658.7742971488,65701.7413122074,1.25714285714286,0.069,0.229,0,847.904852305654
10996026.9133592,364.160308310571,2445.84983908637,2003.07649347465,1.9,0.016,0.197,0,-65.7796319654245
10931307.16676,419.957687807888,11728.5371321713,57384.338419841,0.65625,0.025,0.478,0,-570.923495572379
10966517.6627256,578.636164600846,6711.21926714666,27032.4818426014,1.72916666666667,0.025,0.478,0,-261.763595015692
10980254.3151704,158.311646851848,4281.87058798373,16145.5025947103,0.71875,0.025,0.478,0,-207.688510032291
10675344.9817517,16295.0734846062,28418.8443037821,280781.100459885,1.66666666666667,0.083,0.204,0,1554.33246979148
10977912.4482966,599.79767644665,2932.72633877589,19395.0276882421,0.833333333333333,0.036,0.142,0,-47.6129417785455
10993808.1262068,1006.07723008169,3689.70538707685,2336.09117610219,3.0125,0.029,0.277,0,-0.558553782307095
10978684.6180888,183.287840319423,3899.58127943117,18072.5127913874,0.916666666666667,0.025,0.478,0,-181.535649568704
10999863.7762381,102.038813518606,528.295987184055,345.888961191004,1.736,0.039,0.341,0,-9.72034268633659
1619877.25119295,75852.3991511688,249528.166042926,9055582.18361299,2.8,0.072,0.134,0,739.638320313651
10073288.7741524,4527.49971683221,19892.5050429701,903131.221087729,0.5,0.083,0.204,0,-234.966231025208
10928807.5225193,2538.85864082371,11024.5595884274,58469.0592514619,0.833333333333333,0.036,0.142,0,-124.22216179326
10074058.72538,4698.48553613266,20633.2008297143,901449.588254124,0.5,0.083,0.204,0,-242.233945049898
10984047.0694504,307.947673169945,3961.76751996234,12523.2153565236,0.90625,0.016,0.197,0,-160.831723369843
10555256.8212614,13417.4917742087,53621.1361847766,378544.55077953,0.822916666666667,0.0555555555555556,0.192307692307692,0,-398.595008539076
10999131.5964715,104.233617018558,749.726227808508,854.443683664498,1.176,0.039,0.341,0,-21.5965798061425
10997007.4823584,560.985874180616,1972.90752219098,1298.62424523773,3.175,0.029,0.277,0,47.1828032679399
10968395.4986825,499.026635149819,6025.3067369961,25920.167945289,1.65625,0.025,0.478,0,-238.585638459357
10821334.6213198,7123.11611365742,17022.0871889752,155360.175377489,1.69791666666667,0.0555555555555556,0.192307692307692,0,423.720319955061
10996425.8810178,13.3019075744764,60.9188062408847,4339.89826837055,2.2,0.039,0.341,0,-0.817026655607078
10386962.5690305,35183.8715421093,79023.1888725386,499670.370554814,1.16666666666667,0.083,0.204,0,2376.43923621747
10917040.3982345,697.057004468878,4917.69689426638,78184.8478667552,0.5,0.036,0.142,0,-138.961447371427
10889630.8321918,2208.41927220484,12779.8714064597,96220.8771294985,0.572916666666667,0.0555555555555556,0.192307692307692,0,-285.238863805708
10570505.1545584,23012.248924724,58593.4708124247,348729.125704343,1.44791666666667,0.069,0.229,0,1170.25167587411
10996535.0087342,4.52161686027883,53.4558865764182,4247.01376237588,0.733333333333333,0.039,0.341,0,-2.09147965888335
10801546.7615965,2700.86756795981,9170.84938884679,187421.521446588,0.697916666666667,0.083,0.204,0,8.63927248149783
10997584.3834938,73.5727628899893,609.157997110399,2572.88574621647,1.084,0.039,0.341,0,-19.6860880411031
10885288.3147674,2061.25760672772,10284.1450290432,103206.282596752,0.6875,0.0555555555555556,0.192307692307692,0,-175.240272158497
10413980.0371837,28430.8484030601,84409.5154717518,474019.59894127,1.1875,0.069,0.229,0,778.617292258779
10836172.397285,1542.9608054359,20847.3140167004,142277.327892934,0.677083333333333,0.044,0.423,0,-861.404490811272
10918096.1484118,832.146684894155,5854.46247001843,76057.2424333065,0.5,0.036,0.142,0,-165.186911205498
10427086.07464,28324.2603820079,82960.3235437709,462469.341433993,1.20833333333333,0.069,0.229,0,838.179934942229
10986923.1030713,2172.73358551435,5472.40412082709,6271.75922238685,1.57857142857143,0.036,0.142,0,113.879061032466
10996660.8910648,9.35324408704073,165.361168800998,4004.39452237111,0.446666666666667,0.039,0.341,0,-7.38778950231266
10972163.9134743,356.045518964167,4812.94624522198,23507.0947614861,1.46875,0.025,0.478,0,-198.744140221071
10998591.3404001,63.4235916345351,733.627915524422,1451.60809277206,0.724,0.039,0.341,0,-28.5497554982518
10995874.8617259,1341.90952784202,1750.22283602603,1873.005910277,2.53,0.083,0.204,0,160.126501826209
10999827.8273563,103.025009088836,542.379804327422,366.767830277993,1.708,0.039,0.341,0,-10.297395701986
7421588.67188651,485228.923818525,881820.939553813,2212201.46474116,1.34,0.072,0.134,0,44306.0417314773
10936745.1469341,10462.8969659464,23399.7725981663,30232.1835017539,1.64285714285714,0.0555555555555556,0.192307692307692,0,711.763333418971
10895648.5935067,2927.9777963658,17815.0097267881,84448.4189701449,0.5,0.0555555555555556,0.192307692307692,0,-425.71413423679
10482131.3384818,53999.4576700607,214474.889607833,250234.314240362,2.91,0.029,0.277,0,-1508.30343433704
10994628.7866313,110.547910131408,2547.50564998817,3553.15980863987,0.5,0.016,0.197,0,-120.221963289421
10996793.0101405,18.590717711552,266.787919115783,3761.61122272038,0.588,0.039,0.341,0,-11.2389506813793
11000036.708885,100.219894934803,453.038953605397,250.032266419967,1.876,0.039,0.341,0,-5.88958938653967
10879294.8159581,2850.34526460216,24069.3091826211,94625.5295947574,1.14583333333333,0.044,0.423,0,-788.704031330978
10795016.7418974,2452.93186616501,7229.15754552622,196141.168690863,0.833333333333333,0.083,0.204,0,69.2909406411799
1552597.07622047,50925.7119997541,175067.140934703,9222250.07084513,2.8,0.072,0.134,0,72.5232458657295
10996585.5036147,5.30347700365002,80.9548960876476,4168.23801225628,0.561111111111111,0.039,0.341,0,-3.49190504451485
10983588.9614515,192.861663510833,7070.36459564403,9987.81228936881,0.5,0.025,0.478,0,-355.75873849921
10999438.3355871,414.790766707036,613.388377919446,373.485268284795,2.88,0.069,0.229,0,45.2974631528568
10998459.2332665,344.120302362526,1187.29730727625,849.349123850155,3.3,0.029,0.277,0,1.89461743384911
10996882.9130761,329.024064950586,2057.13697909996,1570.92587985731,2.068,0.016,0.197,0,-51.0796079984897
10144184.0761843,10436.3927772723,53675.4411637148,792544.08987452,0.583333333333333,0.069,0.229,0,-974.892215365546
10977552.1166759,205.020181793138,3851.20530447394,19231.6578377127,1.04166666666667,0.025,0.478,0,-174.61281393082
10972379.7789318,949.430763764759,3054.29459579981,24456.4957086702,1.35416666666667,0.036,0.142,0,12.8752834915
10611163.3005394,36979.180408807,149396.313405466,203301.205646321,2.82,0.029,0.277,0,-1230.21040428034
5241547.61065226,257828.004694933,399379.811807195,5102084.57284567,2.76,0.072,0.134,0,27411.064348908
10974359.2383862,1257.91797411434,10837.0703716831,14385.773267947,1.0,0.044,0.423,0,-360.194065398189
10996965.2909393,277.608014483639,2308.25554962288,1288.8454965455,2.432,0.025,0.478,0,-74.7165479590621
10525502.9504205,9712.70685746835,45504.0833534211,420120.259368521,0.666666666666667,0.0555555555555556,0.192307692307692,0,-659.911038076017
4372569.64563029,314423.986439918,516842.708469772,5797003.65946006,2.97,0.072,0.134,0,31777.7471506285
10999500.8299136,140.329035960692,560.751511824647,638.089538670785,2.72,0.044,0.423,0,-4.07162301984301
10995671.4248203,530.59598776218,2438.18022847044,2199.79896342267,2.306,0.044,0.423,0,-33.4071919582832
10964372.6213486,651.56085161054,7537.97912055781,28277.8386791204,1.69791666666667,0.025,0.478,0,-293.166540099244
10979510.2694636,571.21558295164,3553.10282380305,17205.4121297199,0.635416666666667,0.036,0.142,0,-87.4074174907041
10991189.5416243,1352.26400029028,5078.69254481329,3219.50183064853,2.925,0.029,0.277,0,0.235016497246441
10998774.132411,293.618695824783,1018.66116916254,753.58772404381,3.2775,0.029,0.277,0,51.9766988504665
10978259.9402204,590.174769390482,3023.48196111563,18966.4030490864,0.791666666666667,0.036,0.142,0,-54.4964246376089
10976912.982156,636.055894996063,2770.64527094069,20520.3166780447,0.947916666666667,0.036,0.142,0,-31.5732429157866
10999063.4479041,191.749333194323,956.75655133468,628.046211364225,2.64,0.016,0.197,0,-16.329384488709
10365367.2954139,35223.874260214,80686.5138919572,519562.316433883,1.13541666666667,0.083,0.204,0,2292.02178321543
10965690.6018111,4063.67053068694,18069.3129608849,13016.414697455,2.36,0.029,0.277,0,-131.442591179706
10138580.5821616,9273.16238318348,49739.0384710746,803247.21698393,0.552083333333333,0.069,0.229,0,-980.627818186883
9546487.54062399,375554.769176877,453089.415758803,625708.27444036,2.18,0.072,0.134,0,47051.3401507789
10787272.5413468,2520.48558251067,8590.78508187179,202456.1879887,1.02083333333333,0.069,0.229,0,8.01398486535148
10996871.9934763,21.5783504956021,322.080516141123,3624.34765705539,0.564,0.039,0.341,0,-13.7306389909346
10486504.371835,2561.88690713613,16170.6588068155,495603.082450916,0.5,0.0555555555555556,0.192307692307692,0,-405.49524865172
10997215.4949387,312.433461357105,1899.38163798046,1412.68996194447,2.138,0.016,0.197,0,-45.4074468054764
10996303.3978564,6.06299447544732,87.4922648369056,4443.04688429875,0.496666666666667,0.039,0.341,0,-3.68771394534956
10798985.0796858,2575.23859029007,8251.72465024199,191027.957073579,0.75,0.083,0.204,0,36.8113459582558
10993336.590469,137.600614477617,1853.22090887325,5512.58800776813,0.958333333333333,0.016,0.197,0,-76.4759330270089
1264216.21352241,66905.5702206212,1758096.65013862,7911621.56611838,2.8,0.029,0.277,0,-84872.3394798846
4300279.44553669,423628.083513994,3154291.72460755,3122640.74634176,3.01,0.029,0.277,0,-93739.4523416806
10926706.1926342,211.493637066419,7933.41763302418,65988.8960956333,0.5,0.025,0.478,0,-400.191455008476
2630461.20942148,324251.751408195,630852.510156512,7415274.52901386,3.6,0.072,0.134,0,27307.1814497059
10965360.7360621,1759.7556700527,4704.0454446938,29015.4628231849,1.70833333333333,0.036,0.142,0,77.2515033280368
10996260.1735804,1.80899276208234,36.9594039960135,4541.05802281156,0.4,0.039,0.341,0,-1.70515880669594
10151403.2459483,21541.5035893307,66470.7026377383,761424.547824626,0.75,0.083,0.204,0,449.16303785662
10630153.1745549,17341.451454289,55887.4876744449,297457.886316213,1.09375,0.0555555555555556,0.192307692307692,0,230.545508100111
2792944.72721409,339931.353082102,635168.514074649,7232795.4056292,3.62666666666667,0.072,0.134,0,30104.9393580952
10989378.6979227,2608.41933660366,4531.15188056544,4321.73086013231,2.404,0.069,0.229,0,249.580892349488
10978345.7258772,588.041167712208,3049.13330151847,18857.0996535653,0.78125,0.036,0.142,0,-56.3106050418799
10866552.3394938,2440.38404028489,7839.79933603171,124007.477129802,1.15625,0.0555555555555556,0.192307692307692,0,33.7700902744646
10996864.9559336,21.3045048573527,316.93151898758,3636.80804259797,0.566,0.039,0.341,0,-13.5091295900485
10996805.3880708,19.0460097266515,275.085574516309,3740.48034498522,0.584,0.039,0.341,0,-11.6127265154208
10982292.4459216,4555.8495416043,6379.8340124406,7611.87052429545,2.264,0.083,0.204,0,522.431787402605
10996273.9190139,2.94148385752991,56.14448223283,4506.99502001083,0.42,0.039,0.341,0,-2.53762249365527
10999526.0359367,133.093767263721,876.532438611268,304.337857460169,2.88,0.025,0.478,0,-22.954547765945
10992708.9968406,167.339636207175,1860.01483602801,6103.64868726681,1.16666666666667,0.016,0.197,0,-71.2023843214994
10927257.3093541,2032.86752687751,12848.859977496,58700.9631415008,1.59375,0.044,0.423,0,-322.461631858813
10865342.5242176,15892.0162790356,44830.7552090933,74774.7042942095,1.06428571428571,0.069,0.229,0,565.705892834452
10973786.2282871,302.965676806993,4391.13739670178,22359.6686393062,1.36458333333333,0.025,0.478,0,-185.516692615691
10979347.5031668,571.708420804695,3462.84210253166,17457.9463098724,0.65625,0.036,0.142,0,-82.4684340139109
10927754.1435337,239.175259909017,8967.80567487392,63878.8755314286,0.5,0.025,0.478,0,-452.179759975755
10284162.7048498,25570.4267336723,88978.4249293364,602128.443487033,0.96875,0.069,0.229,0,-24.926494101037
10998624.8234878,223.164887282793,1192.36385608295,799.647768832144,2.488,0.016,0.197,0,-23.3367561432251
10971433.3143792,381.761806098275,5026.10837411312,23998.8154405401,1.51041666666667,0.025,0.478,0,-205.897209255676
10935480.0990914,2984.3836716954,11147.7307319979,51227.7865048796,1.02083333333333,0.036,0.142,0,-45.4752883001534
1792827.31416673,143817.855415157,405568.804270092,8658626.02614804,2.905,0.072,0.134,0,5153.15120311286
6725527.16428292,251348.286328069,728618.798045443,3295345.75134359,0.5,0.072,0.134,0,7858.40075690203
10998253.5405205,276.871193190559,1189.46474857035,1120.12353773907,2.502,0.044,0.423,0,-12.2743417674197
10996979.3588391,406.242197864443,1812.36268576137,1642.03627725957,2.39,0.044,0.423,0,-22.8203184500688
10908888.3569534,6090.3669746375,28131.7986772961,57729.4773946661,0.5,0.0555555555555556,0.192307692307692,0,-391.824303152417
1480249.35299089,95347.2455762357,2133433.59549644,7291809.80593645,2.8,0.029,0.277,0,-100119.513185523
10988893.7146088,607.243725043069,6260.09710196817,5078.94456423055,1.914,0.025,0.478,0,-230.868408221549
10995488.1396067,338.831615994209,2681.05988452521,2331.96889276894,1.38571428571429,0.016,0.197,0,-83.7413512159189
8560230.70685177,322941.49231373,1225605.46156183,892062.339272694,3.63333333333333,0.029,0.277,0,-6020.86216945774
10146218.9310576,10837.2520190456,54988.644830637,788795.172092558,0.59375,0.069,0.229,0,-970.204365362775
10982024.3452255,130.986262887402,3085.79158651117,15598.8769251472,0.5,0.016,0.197,0,-146.30890967869
10982665.4110989,194.49945636106,3617.50158417763,14362.5878605571,0.59375,0.016,0.197,0,-163.573630621405
10999754.6929393,187.758533548422,671.572120520474,225.976406678261,2.96,0.025,0.478,0,-0.897739917383715
1148055.07457389,52036.1207829918,1510450.56831025,8290298.23633289,2.8,0.029,0.277,0,-73892.2659173501
10969577.518842,451.561134138708,5617.79516053391,25193.1248632469,1.60416666666667,0.025,0.478,0,-225.275279466633
1474921.92774454,22114.9788718578,79907.610452469,9423895.48293121,2.8,0.072,0.134,0,-172.132719464587
10997407.4385786,302.09525749688,1806.71589365696,1323.7502703274,2.18,0.016,0.197,0,-42.306017921187
10991210.2110854,252.137079645231,2165.86132616491,7211.79050884986,1.53125,0.016,0.197,0,-71.8298319306539
10991262.8667604,248.825059382516,2151.05242741071,7177.25575285051,1.52083333333333,0.016,0.197,0,-71.6077320074897
10988100.3483578,389.368489530612,3228.78494060348,9121.49821215215,1.5,0.016,0.197,0,-104.487812145235
10989096.1136679,373.641227932602,2885.14229640131,8485.10280784978,1.63541666666667,0.016,0.197,0,-88.3793451290474
10861773.706807,2746.37090052226,8292.09291384582,128027.829378571,1.25,0.0555555555555556,0.192307692307692,0,67.8406770349929
10775453.8299184,3043.52028788124,9075.28994464498,213267.359848935,1.20833333333333,0.069,0.229,0,80.9992770616951
10846475.9419935,5450.92051563897,37853.4332847227,111059.704206137,1.7,0.029,0.277,0,-941.020097745947
10771523.2827954,16453.5323330301,69946.8125700264,142916.372301572,2.62,0.029,0.277,0,-734.968819408439
11000099.6255784,87.8312588717023,312.599903431452,339.943259257785,3.0975,0.029,0.277,0,12.9616278100457
6651231.63890665,182281.054867181,627581.067843089,3539746.23838311,0.5,0.072,0.134,0,173.234704495549
10994595.9916788,627.733233844324,2943.95347550132,2672.32161185275,2.25,0.044,0.423,0,-42.9504528565156
10879083.3851262,2024.19550440269,8358.11821563111,111374.301153773,0.854166666666667,0.0555555555555556,0.192307692307692,0,-75.00433860569
10975905.872149,1406.28561638239,10556.5273069738,12971.3149276449,1.19285714285714,0.044,0.423,0,-316.318333288547
10960530.3302397,343.346892828121,3348.27308694473,36618.0497805142,1.01041666666667,0.044,0.423,0,-120.356343228195
10998923.3020867,571.596838637793,975.926899005244,369.174175680068,2.84,0.0555555555555556,0.192307692307692,0,55.5989806498612
10974912.197619,269.728986854045,4151.33413429905,21506.7392597968,1.28125,0.025,0.478,0,-179.110512010759
10994608.4939548,109.197536094563,2528.54038218388,3593.76812689812,0.5,0.016,0.197,0,-119.526734420728
10987403.0229718,392.587678219607,3442.27430706635,9602.11504293751,1.40625,0.016,0.197,0,-115.714367286607
10996444.7325203,10.8650865025289,53.3925282868683,4331.00986493215,2.04,0.039,0.341,0,-0.881451437609044
10918417.4737212,874.172987418896,6138.62233872723,75409.7309526872,0.5,0.036,0.142,0,-173.003875815024
10878209.775315,42343.5957453212,40307.3104023911,39979.3185372868,2.95,0.072,0.134,0,5920.53313544284
10991870.1983495,1646.29556189767,3673.40026668231,3650.10582190892,2.054,0.036,0.142,0,112.353016148604
10977389.3224638,4795.2625710594,9218.39101630352,9437.02394883943,2.18,0.0555555555555556,0.192307692307692,0,409.500041318
10992778.0732992,1143.87100257977,4237.61079476266,2680.44490351325,2.975,0.029,0.277,0,-34.1749732875452
10535501.7161114,24997.5574559754,65843.6808464566,374497.045586027,1.38541666666667,0.069,0.229,0,1149.57152163524
6527389.03969921,103634.298430004,418993.305867552,3950823.35600326,0.58,0.072,0.134,0,-3363.10106671694
1755748.99406903,132079.824289392,2491800.74750544,6621210.43413614,2.8,0.029,0.277,0,-113056.274582864
5939636.68862811,185956.483831011,290121.744339033,4585125.08320189,2.55,0.072,0.134,0,19628.4939826591
10107609.3039403,3263.94184199155,20260.8227417111,869705.9314758,0.5,0.069,0.229,0,-498.284230145087
1924751.82886601,190640.994508797,482995.750595961,8402451.42602925,3.185,0.072,0.134,0,9806.41124362194
10929138.68249,2570.4689419005,11059.308658299,58071.5399097883,0.84375,0.036,0.142,0,-120.085604984006
1435489.10967736,7426.99301791328,27558.2619654775,9530365.63533934,2.8,0.072,0.134,0,-113.035566914513
10996851.1425123,20.7711893897413,306.949589105094,3661.1367092715,0.57,0.039,0.341,0,-13.0612243845488
10952208.3627963,10760.5872169281,16125.2164039267,21745.8335827866,2.04,0.083,0.204,0,1173.30452720917
10991887.5178731,211.326949237785,1993.87562125684,6747.27955650136,1.38541666666667,0.016,0.197,0,-70.1985018036453
10991048.6657362,922.496138177297,4564.30354856116,4304.53457707069,2.11,0.044,0.423,0,-76.3999382640609
10998321.0089515,676.401178011656,1070.49621392542,772.093656506129,2.74,0.069,0.229,0,70.3331386181245
10949360.7556737,804.175297272252,5375.96671005205,45299.1023189438,1.53125,0.044,0.423,0,-143.689761840542
9188268.89730213,246816.222103729,886764.082088254,678990.7985059,3.68,0.029,0.277,0,-1761.45299523868
10975293.8533084,721.515754249031,2730.40218394637,22094.2287534,1.11458333333333,0.036,0.142,0,-12.8601039970147
3536509.31896848,340519.28828485,3253772.07627146,3870039.31647518,2.8,0.029,0.277,0,-115234.082493753
10871555.4219837,2940.7858876685,46672.8193123525,79670.972816342,0.5,0.029,0.277,0,-1954.30171159322
10996265.2210321,2.17094241649782,44.1738845740824,4528.43414084328,0.4,0.039,0.341,0,-2.03696396614348
10996273.0130116,2.85862034849068,54.9667366701455,4509.16163133326,0.416666666666667,0.039,0.341,0,-2.48866562770607
10933158.287003,1782.71118363917,10843.5024978065,55055.4993155067,1.66666666666667,0.044,0.423,0,-259.508300885597
10964758.1874805,7206.16433978797,13574.5804208945,15301.0677588238,2.138,0.069,0.229,0,631.205517991994
10894101.6792928,37080.4390668531,35099.9598501326,34557.9217902699,2.975,0.072,0.134,0,5153.09205503408
10993448.0581588,132.561733393913,1865.77449467943,5393.60561323359,0.916666666666667,0.016,0.197,0,-78.1133972661282
10499015.9188685,51760.3576368987,205924.29786169,244139.425632956,2.9,0.029,0.277,0,-1544.91780947481
10929921.5594605,344.542701496853,10922.3503788138,59651.5474590952,0.572916666666667,0.025,0.478,0,-540.398851317365
3442366.52307064,352207.193200956,601868.938832378,6604397.34489607,3.595,0.072,0.134,0,34280.8969248624
10966445.7682331,301.455363822651,5309.3849575684,28783.3914455454,0.541666666666667,0.044,0.423,0,-237.158599719648
10821512.5575735,9833.51690809337,46442.2408750356,123051.684643373,2.5,0.029,0.277,0,-748.990786679366
8755062.95977503,300911.631494675,1120819.78035497,824045.628375339,3.64666666666667,0.029,0.277,0,-4425.05333630081
10797483.5798,2518.6805831004,7811.47048182197,193026.269134971,0.78125,0.083,0.204,0,50.3351734108261
10961951.0526857,318.659882433169,3440.45282520771,35129.8346066084,0.90625,0.044,0.423,0,-129.82447231316
10976656.2371422,5076.58787803382,9269.15967660571,9838.01530316309,2.236,0.069,0.229,0,461.477353381858
1174456.08678289,55378.2912910063,1570033.67380651,8200971.94811962,2.8,0.029,0.277,0,-76565.6786651782
10981547.7640172,1546.58196094924,8613.90643910888,9131.74758268528,1.77142857142857,0.044,0.423,0,-181.204684243888
10812558.820731,3847.95405848444,16021.0201687593,168412.205041655,0.5,0.083,0.204,0,-150.697100393475
10994307.1808887,1288.1251938199,2744.58922567081,2500.10469187858,2.194,0.036,0.142,0,95.4068347237229
10895084.051565,16718.2785623902,37158.5101125485,51879.1597600362,1.57857142857143,0.069,0.229,0,1151.15965367098
10464513.1263741,56338.2463841327,223405.980068038,256582.647173765,2.92,0.029,0.277,0,-1656.443711341
10772386.481897,3237.00416355482,9401.3791671329,215815.134772211,1.25,0.069,0.229,0,99.959032499363
1037609.70187603,38357.1814815554,1237171.2371663,8687701.87947612,2.8,0.029,0.277,0,-61328.9490403652
10483055.4702932,2042.89435270094,12901.2404053402,502840.394948629,0.5,0.0555555555555556,0.192307692307692,0,-323.830556470532
6665132.08042722,193549.798823367,648345.319410228,3493812.80133921,0.5,0.072,0.134,0,1193.15355367237
10979621.6344225,167.808648257461,4071.06725672384,16979.4896724501,0.802083333333333,0.025,0.478,0,-193.843605944206
10111093.1706602,3835.55677159748,23787.5211642146,862123.751403797,0.5,0.069,0.229,0,-584.653118551237
10984654.1591457,338.426290979027,3958.63963244466,11888.7749309125,1.01041666666667,0.016,0.197,0,-154.913590993524
10886410.7650235,39633.2508622581,37621.0686012011,37174.9155130179,2.9625,0.072,0.134,0,5542.03199090644
10999754.9570099,104.96315706586,569.926692999627,410.153140053143,1.652,0.039,0.341,0,-11.4697441393713
10996388.9161251,15.2890241731425,77.0633148812195,4358.73153584356,1.745,0.039,0.341,0,-1.31874159006935
10488785.5863097,2905.85969991152,18331.1551872004,490817.398803115,0.5,0.0555555555555556,0.192307692307692,0,-459.332482052038
10851541.0869668,4521.22799778188,36967.6589055368,107810.026129924,1.46,0.029,0.277,0,-1228.16709522492
10824274.8864272,6251.10556116995,25729.0557914944,144584.952220089,0.5,0.083,0.204,0,-229.720822809818
10876902.8635889,2836.41583677201,24344.7099743176,96756.0106000342,1.125,0.044,0.423,0,-806.72455414449
4460153.84202709,310603.478117165,506785.331637097,5723297.34821869,2.95,0.072,0.134,0,31608.8997395089
10996548.9517023,4.67324448689145,59.0647433857673,4227.31030984125,0.683333333333333,0.039,0.341,0,-2.39397549421011
7663640.11496849,510517.3824572,866698.101523668,1959984.40105064,1.46,0.072,0.134,0,50009.3387210179
10984282.00584,320.784520212002,3967.7920897609,12269.4175500952,0.947916666666667,0.016,0.197,0,-158.696832320902
10996512.3965951,4.39517317674983,46.9721668861066,4276.23606481988,0.816666666666667,0.039,0.341,0,-1.74593254131714
10998234.1946308,62.3849020304595,639.87794986085,1903.54251733034,0.86,0.039,0.341,0,-23.5567164117295
10964442.6402092,4171.12964067361,18677.0229278442,13549.2072223573,2.34,0.029,0.277,0,-269.397744210992
10995781.6156593,1783.67142450875,1631.44055769194,1643.27235849913,3.1875,0.072,0.134,0,266.710428001774
10140366.7254421,9654.04957716369,51049.1833802538,799770.041600263,0.5625,0.069,0.229,0,-979.883209925034
10978935.7258837,576.2111732046,3265.17671916076,18062.8862239323,0.708333333333333,0.036,0.142,0,-70.5967215548857
10896884.7166985,19446.7364224601,32948.8261991562,51559.720679771,1.57857142857143,0.083,0.204,0,1909.63224283183
10970222.3472772,1166.62199221814,3474.69307572607,25976.3376548214,1.48958333333333,0.036,0.142,0,31.5055547625887
3063817.71542817,290293.700202033,3212981.02330006,4433747.56106972,2.8,0.029,0.277,0,-122662.094931104
1944523.69153052,196829.184553261,492141.669358294,8367345.45455795,3.22,0.072,0.134,0,10509.4949093775
10994548.5229544,105.700832947599,2471.9977769956,3713.77843573599,0.5,0.016,0.197,0,-116.999698803303
10930407.6556011,372.551010869771,11239.4145199674,58820.3788679131,0.604166666666667,0.025,0.478,0,-552.903070320511
10996262.5848615,1.97947773290386,40.4083507849715,4535.02730989308,0.4,0.039,0.341,0,-1.86971565212182
3588074.53264211,347086.834908453,590013.634634043,6475664.99781543,3.49,0.072,0.134,0,33963.4939143902
6226940.42947621,136470.960328721,270328.002474113,4367100.60772099,2.02,0.072,0.134,0,11224.4644983574
9991147.04972672,284428.442710519,321607.821290797,403656.686271985,2.34,0.072,0.134,0,36833.2452390111
10993479.0866131,1050.34057069233,3864.95639254247,2445.61642369095,3.0,0.029,0.277,0,3.93983628255109
11000200.958121,76.9107866851823,255.057988716265,307.073103555694,3.0675,0.029,0.277,0,-31.208430409808
10496928.3673327,4162.00570032903,26006.2120906142,473743.414876308,0.5,0.0555555555555556,0.192307692307692,0,-644.503789748724
10964935.8398682,297.434044430598,4307.03814878296,31299.6879385646,0.666666666666667,0.044,0.423,0,-182.338739835159
10885677.372801,2069.36227518529,10463.2602891812,102630.004634595,0.677083333333333,0.0555555555555556,0.192307692307692,0,-183.619697037952
10824789.8631742,675.027001445855,12522.5553848856,162852.554439552,0.5,0.044,0.423,0,-565.538524722716
10964052.0991097,658.877191428099,7661.19619491348,28467.8275038443,1.6875,0.025,0.478,0,-298.951977360284
10834427.2564818,6275.11690930837,35440.2886159934,124697.337992844,0.5,0.069,0.229,0,-762.881406103138
10632144.3829342,18400.7373504744,43996.7569230339,306298.122792102,1.57291666666667,0.069,0.229,0,1094.122547525
10989934.5755721,2495.26416704044,4501.98345631591,3908.1768045526,2.39,0.0555555555555556,0.192307692307692,0,229.620704350203
10919352.4096027,1002.55959355648,6959.20651444112,73525.8242893251,0.5,0.036,0.142,0,-193.69525428461
10623629.7816953,17217.7594311293,56301.0121197795,303691.446753722,1.07291666666667,0.0555555555555556,0.192307692307692,0,183.71221197937
10992401.749308,1571.66448702396,3473.73638232789,3392.84982268919,2.082,0.036,0.142,0,109.198197451687
10931965.8261447,2796.52597370629,11219.2880908135,54858.3597907752,0.927083333333333,0.036,0.142,0,-85.6626752743646
8208704.75242821,525123.293846168,786002.026918973,1481009.92680665,1.7,0.072,0.134,0,57333.0002120505
1413600.33635171,86500.7480576654,2027923.34948999,7472815.56610066,2.8,0.029,0.277,0,-96034.6506311454
9920077.60803917,135184.105842835,501066.104334148,444512.181783872,3.385,0.029,0.277,0,-1870.22554158755
10908989.0608394,2588.40033888773,18245.7541695561,71016.7846521368,1.40625,0.044,0.423,0,-515.611914100226
9484056.9571768,386899.8160004,470912.312321409,658970.914501411,2.16,0.072,0.134,0,48240.4057969037
10947432.7975799,916.436509098383,5948.064077755,46542.7018332662,1.58333333333333,0.044,0.423,0,-154.434946663265
10981137.9150899,145.479071402936,4762.29425310953,14794.3115854862,0.59375,0.025,0.478,0,-236.558037132406
10981810.0213696,121.626413160565,2880.08898227926,16028.2632350498,0.5,0.016,0.197,0,-136.608000520158
10942090.7338647,1258.11998395404,7680.50983782001,49810.6363135129,1.69791666666667,0.044,0.423,0,-184.640584942459
11000126.9939327,84.2920691902819,297.617572193854,331.096425870067,3.09,0.029,0.277,0,20.315760351256
10415915.5049814,34814.4447635404,76228.8516584526,473881.198596549,1.20833333333333,0.083,0.204,0,2459.82557513209
10929066.3708425,290.165967903727,10243.7788285674,61239.6843608601,0.510416666666667,0.025,0.478,0,-512.921331034258
10997901.0181869,66.7406971920876,606.245932561265,2265.99518334356,0.98,0.039,0.341,0,-20.8632414626585
10978087.0969274,594.766664434231,2975.78806481511,19182.3483434269,0.8125,0.036,0.142,0,-50.8756306304209
10804074.1334575,2541.08670229805,11762.6557696622,182462.124070446,0.708333333333333,0.069,0.229,0,-165.113089859745
10799624.3854683,2439.57143447834,10263.9833549248,188512.059742219,0.791666666666667,0.069,0.229,0,-101.283498597208
10996285.7850364,3.98636492270524,70.273323811846,4479.9552748354,0.456666666666667,0.039,0.341,0,-3.14071202627024
10980631.5618001,152.835428186324,4455.84465665411,15599.7581150257,0.666666666666667,0.025,0.478,0,-218.069542879952
10379744.785651,35220.06634793,79620.7615122091,506254.386488809,1.15625,0.083,0.204,0,2349.19388136735
10999566.1284881,132.779084403174,526.92553026029,614.166897210413,2.74,0.044,0.423,0,-3.51522471683737
10979183.6544818,573.022646872963,3379.10488632352,17704.2179850527,0.677083333333333,0.036,0.142,0,-77.8453201408315
10956212.1605681,2644.140310147,7372.39771918786,34611.3014025992,1.52083333333333,0.036,0.142,0,98.7447484132273
10997797.7882992,693.08861240728,1351.74289204182,997.380196363835,2.488,0.036,0.142,0,58.1824791131649
10996301.7226902,5.7296624333686,86.115222705099,4446.43242463086,0.493333333333333,0.039,0.341,0,-3.6836239657496
10686324.9261751,14840.9867053513,25616.3924228161,274057.694696677,1.69791666666667,0.083,0.204,0,1431.09490591263
10958956.8364658,7742.28814084315,15819.3953617957,18321.4800315491,1.998,0.0555555555555556,0.192307692307692,0,609.44298753527
1453920.92386714,14296.1121858576,52383.2779218427,9480239.68602522,2.8,0.072,0.134,0,-151.5909884775
10996592.6859589,5.46079347009756,86.6820986123228,4155.17114906472,0.538888888888889,0.039,0.341,0,-3.7543296325649
10998718.2897571,216.259672845134,1143.16825678885,762.282313232354,2.516,0.016,0.197,0,-21.9291508677499
10835648.737956,6518.05356284401,36456.2166168767,122216.991864216,0.5,0.069,0.229,0,-770.225642488989
10975797.44735,245.880180044057,4002.62055506051,20794.0519147702,1.20833333333333,0.025,0.478,0,-175.047693264006
10983006.2491534,230.43102155978,3773.37015746147,13829.9496675922,0.6875,0.016,0.197,0,-165.378316144889
10989020.5833543,375.39008992014,2912.54214718353,8531.48440861567,1.625,0.016,0.197,0,-89.6383355785788
10996363.6155643,14.7755482904921,86.8503909294888,4374.7584964454,1.42,0.039,0.341,0,-1.9876376365416
10979759.6956951,5117.12754545947,7223.46312463002,8739.71363482592,2.236,0.083,0.204,0,581.139235286149
10998569.8477225,326.342009212939,1128.02557958851,815.784688685998,3.2925,0.029,0.277,0,55.408769464855
10919229.0347735,984.836347035733,6851.71211460538,73774.4167648643,0.5,0.036,0.142,0,-191.204322056278
3198993.15230372,357429.158882252,619999.640658051,6824418.04815601,3.68666666666667,0.072,0.134,0,34281.6218203327
10754016.7131753,5058.87862603529,9811.02309051774,231953.385108124,1.46875,0.083,0.204,0,427.807706680434
3710429.73003727,360691.070919992,3248295.28586619,3681423.91317654,2.8,0.029,0.277,0,-111103.033751649
10895000.7382693,2809.77374552991,21495.0712653922,81534.4167197839,1.28125,0.044,0.423,0,-654.184750680481
10789609.6407715,2465.50151151655,8691.8779435799,200072.979773242,0.979166666666667,0.069,0.229,0,-9.03853822954864
10729288.3185492,7470.65971995558,17896.3773994932,246184.644331257,1.61458333333333,0.069,0.229,0,442.690259802129
10809899.307965,2783.68370271381,14757.7959036269,173399.212428523,0.604166666666667,0.069,0.229,0,-284.850362317324
10924600.3932965,10423.1295414983,27127.1464969767,38689.3306650576,1.25714285714286,0.0555555555555556,0.192307692307692,0,497.631790526232
10856474.6459479,14327.0233634819,45855.468080992,84182.8626076097,0.833333333333333,0.069,0.229,0,207.21396401925
10927535.5308935,2406.03679093065,10853.539960225,60044.8923553246,0.791666666666667,0.036,0.142,0,-140.290340022349
10446128.9364248,58780.8829931428,232734.478106979,263195.702475155,2.93,0.029,0.277,0,-1622.96002044459
10847969.1603897,3953.72778254955,10590.5405775643,138326.571250105,1.45833333333333,0.0555555555555556,0.192307692307692,0,171.030725019384
10996255.47426,1.47944532609974,30.2350752433232,4552.81121942272,0.4,0.039,0.341,0,-1.38283040553521
10846667.6796997,10063.621063494,44254.1935926283,99854.5056440843,0.5,0.069,0.229,0,-522.420564573254
10988685.0831768,2738.78313994523,4981.47216200525,4434.66152119625,2.362,0.0555555555555556,0.192307692307692,0,249.854156640718
11000007.5749443,106.724941329436,268.064989057796,457.63512533607,2.92,0.044,0.423,0,5.29286968598024
10864812.9982392,19214.2889398675,40549.1992584206,76263.5135624873,1.06428571428571,0.083,0.204,0,1442.13694444643
10980482.260247,154.996160949117,4382.06179259002,15820.6817993788,0.6875,0.025,0.478,0,-214.015862186092
10947226.4243898,3053.60015452479,9532.64171332555,41027.3337423169,1.30208333333333,0.036,0.142,0,57.6831368794966
10996277.8163316,3.29173929915706,61.0330528461791,4497.85887622162,0.433333333333333,0.039,0.341,0,-2.75242891103067
10997344.1100295,305.568507396496,1837.4183759895,1352.90308715787,2.166,0.016,0.197,0,-43.3203635690244
10992101.7028035,199.263206971077,1949.43120236517,6589.60278722612,1.33333333333333,0.016,0.197,0,-70.0044848488534
10989190.8286264,598.244659174673,6126.81655089236,4924.1101635271,1.928,0.025,0.478,0,-225.274990896759
10996625.7823018,6.3169125243729,120.426594315556,4087.47419138382,0.444444444444444,0.039,0.341,0,-5.46973685219595
10996255.9510302,1.51283815379523,30.9173346941342,4551.61879689734,0.4,0.039,0.341,0,-1.42399564797119
10999285.4697013,438.52589010922,540.754252381246,575.25015620281,2.8,0.083,0.204,0,54.6459280142463
10954579.3200091,2745.80411244502,7810.35261622395,35704.5232622543,1.47916666666667,0.036,0.142,0,94.098139400908
10957059.5546982,769.992497149856,10096.6487858845,32913.8040187042,1.47916666666667,0.025,0.478,0,-412.838403389176
10650550.0675069,19312.3014265176,34545.1460083781,296432.485058092,1.60416666666667,0.083,0.204,0,1795.64164224452
10965061.7195211,297.349061635081,4372.1755394914,31108.7558777525,0.65625,0.044,0.423,0,-185.673244145605
10996291.0660176,4.45203704466399,75.9270739250017,4468.55487143094,0.47,0.039,0.341,0,-3.36474806125
10779978.8340008,2728.93228373373,6360.79434859617,211771.439366835,1.13541666666667,0.083,0.204,0,170.419255283152
10775354.8525485,12162.1331817333,29872.2833080177,183450.73096165,1.57291666666667,0.0555555555555556,0.192307692307692,0,679.51067483291
10670410.7410519,17369.7164066795,51590.9709729919,261468.571568272,1.21875,0.0555555555555556,0.192307692307692,0,473.828487185426
9288575.17939284,420121.022928113,525579.64474005,766564.152939022,2.1,0.072,0.134,0,51597.528715257
10983350.7386135,3739.48579395343,7002.98420381592,6746.79138871051,2.264,0.0555555555555556,0.192307692307692,0,330.29965622051
10998632.6881844,66.1452349662747,747.320480332059,1393.84610035011,0.708,0.039,0.341,0,-28.8014419362676
10975826.2567645,689.84881793466,2719.88256099492,21604.0118565742,1.0625,0.036,0.142,0,-18.22211908727
10846236.4986092,4131.89234532247,10948.6804103229,139522.928635077,1.47916666666667,0.0555555555555556,0.192307692307692,0,186.252093435778
10846100.5444541,13736.1125699342,40737.0789666523,100266.264009292,0.5,0.083,0.204,0,379.040801843912
10626943.0067467,21902.7426360925,40087.3695136782,311906.881103455,1.55208333333333,0.083,0.204,0,1984.23447293741
10820734.4318069,460.424294767375,8548.27039937177,171096.873499008,0.5,0.044,0.423,0,-386.528387397608
10163395.2711346,23259.9363337349,69721.1605562543,744463.631975424,0.78125,0.083,0.204,0,599.905370390739
10494304.0499967,3747.74590070731,23543.502841752,479244.701260753,0.5,0.0555555555555556,0.192307692307692,0,-588.052752052726
10996268.1023372,2.40145383404142,48.2683265541906,4521.22788240123,0.4,0.039,0.341,0,-2.22134799719284
10997773.2851993,280.812451524161,1626.90256279702,1158.99978636911,2.264,0.016,0.197,0,-36.3729560584973
10981518.6162063,4070.37547970949,7688.4966774157,7562.51163657187,2.236,0.0555555555555556,0.192307692307692,0,355.149648200779
10858180.0711639,3195.48459314509,36994.4217319943,102470.022510997,1.06,0.029,0.277,0,-1443.62100834477
10958926.2964423,15035.5178564269,13762.6243347029,13115.5613665296,3.1375,0.072,0.134,0,2134.398198394
10670576.4299474,107782.761679841,107796.130448716,114684.677924015,2.74,0.072,0.134,0,14758.5652369171
10989772.2835887,580.024016230996,5863.31790697132,4624.37448811086,1.956,0.025,0.478,0,-214.174608922697
10996645.3348545,7.6016187107256,146.230235683462,4040.83329116021,0.406666666666667,0.039,0.341,0,-6.65855282432774
10996818.0658142,19.517478543563,283.727792067914,3718.68891518135,0.58,0.039,0.341,0,-12.0189190223682
10903783.1346876,4349.76516214067,24678.7037336906,68028.3964165595,0.5,0.0555555555555556,0.192307692307692,0,-535.296927249525
11000008.6178473,100.715521260783,361.449139750794,369.217491674001,3.12,0.029,0.277,0,18.892135190279
10819821.5890298,3884.63563898682,22756.4172656435,154377.358065476,0.5,0.069,0.229,0,-518.233606784379
10969041.1132761,1299.14295971492,3744.694226808,26755.0495373685,1.55208333333333,0.036,0.142,0,41.796069825054
10998424.7581971,61.3480516414323,681.777478720349,1672.11627259176,0.788,0.039,0.341,0,-26.0931182827352
10991156.8273739,255.517917563739,2181.08915900815,7246.56554956326,1.54166666666667,0.016,0.197,0,-72.0409098476022
10994992.6198342,844.640122349155,3056.93467147014,1945.80537204606,3.0625,0.029,0.277,0,4.04217882232467
10996823.1152578,285.262325887263,2384.12582346044,1347.49659282163,2.418,0.025,0.478,0,-77.6771278319053
10981567.4132125,111.660202526399,2646.60085310375,16514.3257319676,0.5,0.016,0.197,0,-125.600179554156
10989197.3845039,1994.40118490449,4652.72771828222,4995.48659292377,1.928,0.036,0.142,0,125.085951871505
10946404.4945691,788.768101921254,12672.6407943371,40974.0965345883,1.1875,0.025,0.478,0,-552.658663775433
10790595.9446916,2418.11967474907,6561.09919607854,201264.83643749,0.927083333333333,0.083,0.204,0,101.020789703217
10877062.3157236,4722.94186112125,49163.9848050847,69890.7576102136,0.74,0.029,0.277,0,-1787.54565419271
10972769.0111258,956.84717271495,10815.4675863684,16298.6741150745,0.666666666666667,0.044,0.423,0,-416.823831185973
5790868.86704691,203989.108400298,312503.724003449,4693478.30054939,2.6,0.072,0.134,0,21865.6214842938
4503711.10135234,308529.296269531,501604.87179551,5686994.73058266,2.94,0.072,0.134,0,31449.5572577545
10998217.7624568,910.809970552456,839.978058905641,871.449513743025,3.12,0.072,0.134,0,135.637970027271
11000341.0,186.0,52.0,261.0,3.0,0.029,0.277,0,15.7802908245419
10972338.6557053,350.054549682477,4763.90217719481,23387.3875677812,1.45833333333333,0.025,0.478,0,-197.639322916263
10981208.2268395,144.462680480074,4812.68246680445,14674.6280131515,0.583333333333333,0.025,0.478,0,-239.311571100687
10939042.4180236,683.437523024762,13269.8547683775,47844.2896848946,0.96875,0.025,0.478,0,-605.559477966547
10994708.0024622,1525.17937054753,2645.44153194137,1961.37663524431,2.53,0.0555555555555556,0.192307692307692,0,146.409063732027
10779700.5408759,2812.1918271819,8741.86028689324,209585.40700992,1.14583333333333,0.069,0.229,0,56.1499522592907
10998674.7096932,309.526208578509,1071.8705830609,783.893515170766,3.285,0.029,0.277,0,14.7671387678792
1969801.56287096,160308.505197629,2701486.1216617,6169243.8102697,2.8,0.029,0.277,0,-119198.575423593
10995092.7870038,257.994885780436,2804.64321302821,2684.5748973983,0.833333333333333,0.016,0.197,0,-106.235067844823
10833240.162562,6051.17775012916,34440.5351461471,127108.124541635,0.5,0.069,0.229,0,-750.337549727726
10993999.3426478,421.433429726888,3841.86954589326,2577.35437661167,2.194,0.025,0.478,0,-132.306579619066
10931037.7812495,24651.8835243376,22963.4018725196,22186.9333536347,3.05,0.072,0.134,0,3438.94287820105
10990992.1517152,266.09067704044,2229.35707395887,7352.40053386718,1.57291666666667,0.016,0.197,0,-72.6298341156523
10776189.0075783,3000.32542567324,9007.12047671062,212643.546519182,1.19791666666667,0.069,0.229,0,76.4746462488216
10999702.7063639,157.877939643917,735.814036286056,243.601660203326,2.94,0.025,0.478,0,-10.5237287137222
10066446.6902441,3018.7187722542,13294.0825289119,918080.508454714,0.5,0.083,0.204,0,-157.550101769978
10996613.577323,5.96874914388175,106.481301665251,4113.97262616378,0.477777777777778,0.039,0.341,0,-4.78025707239489
10636707.2583503,20862.526274542,37829.7698905545,305440.445484523,1.57291666666667,0.083,0.204,0,1911.88912177355
10802950.0767681,2508.88102794789,11326.3027677616,184054.739436126,0.729166666666667,0.069,0.229,0,-146.949907687337
10999612.4145704,458.719388824096,349.638013616248,419.228027116235,3.0375,0.072,0.134,0,92.8370171679448
10988271.8456922,1723.99195749473,6612.60428949935,4231.55806088107,2.85,0.029,0.277,0,-83.5560548993467
10940348.3823862,5907.7171920388,29869.7249914173,24714.1754303529,2.02,0.029,0.277,0,-431.92314582657
10150549.7316136,11656.6998302115,57607.7040474669,781025.864508577,0.614583333333333,0.069,0.229,0,-959.513716205209
10994732.5249147,119.843561005051,2642.06451323363,3345.56701111821,0.5,0.016,0.197,0,-123.797935894728
10694007.516117,16842.76779147,47887.9637922367,242101.752299181,1.29166666666667,0.0555555555555556,0.192307692307692,0,578.663334251399
10488306.1358661,2833.48056229055,17877.2480936524,491823.135477859,0.5,0.0555555555555556,0.192307692307692,0,-448.797867776051
10994861.8658391,144.332899213339,2747.05827254946,3086.74298912488,0.5,0.016,0.197,0,-124.858828843618
10999282.3829279,165.244235974902,673.03800476098,719.334831373582,2.66,0.044,0.423,0,-4.97003152970647
10880578.4027426,5442.01236509623,49212.5175796439,65607.0673126294,0.92,0.029,0.277,0,-1632.88869252231
10237650.5829182,22449.8581947328,84542.2662667176,656197.292620152,0.875,0.069,0.229,0,-378.214438322436
1693230.60238463,123755.831275893,2420193.09819173,6763660.46814774,2.8,0.029,0.277,0,-110636.419922333
10791583.3801399,2416.84259832562,6673.1163173461,200166.66094442,0.90625,0.083,0.204,0,96.1905783561327
10980879.362543,1558.04448022868,8885.82515617576,9516.76782059948,1.70714285714286,0.044,0.423,0,-193.765581404727
10309318.389065,34323.9791490153,83091.1898197263,574106.441966221,1.05208333333333,0.083,0.204,0,1985.09233214443
10994224.3538228,97.7038720549798,2173.50305760022,4344.43924761769,0.572916666666667,0.016,0.197,0,-101.945051953101
10996489.8803528,4.4237693995901,43.1991343736767,4302.49674337456,0.9,0.039,0.341,0,-1.54284190434516
10905589.5827745,2658.07746362012,19109.8061687289,73482.5335932072,1.375,0.044,0.423,0,-550.506876917351
10997304.1069082,62.2699745737065,612.721611027022,2860.90150623381,0.8,0.039,0.341,0,-22.0519932136463
10607948.600151,20386.1391479283,49998.7495520697,322506.51114885,1.52083333333333,0.069,0.229,0,1142.07005020084
10841234.7593271,11076.7617184069,38389.5913508849,110138.887603535,0.5,0.083,0.204,0,-2.55079080541722
3684433.26005896,343238.274706376,581881.596491375,6391286.86874333,3.42,0.072,0.134,0,33681.28115806
5923842.7369413,493515.244260961,2551903.28276676,2031578.73603098,3.465,0.029,0.277,0,-46858.465030232
10872228.0411666,3104.57808702717,47197.6017678024,78309.778978588,0.5,0.029,0.277,0,-2033.73596818413
10066960.9189493,3131.76880102848,13790.6965447885,916956.615704881,0.5,0.083,0.204,0,-164.045072727006
10121043.418559,5510.42644642722,33803.4385722387,840482.716422137,0.5,0.069,0.229,0,-817.871273914219
10997052.532395,29.1828937020086,467.99592688517,3290.28878438923,0.52,0.039,0.341,0,-20.3877339230694
10960677.9360725,340.335208803461,3351.05912636371,36470.6695923163,1.0,0.044,0.423,0,-120.727537228155
10781138.1485307,2670.96527795873,6310.9923415607,210719.893849742,1.11458333333333,0.083,0.204,0,162.864947374691
8499730.683008,512861.969193993,725099.63893196,1263147.70886605,1.82,0.072,0.134,0,58336.7324730117
10813911.3491474,4120.30472091242,17148.1294831724,165660.216648432,0.5,0.083,0.204,0,-160.702303379147
10839455.996717,4873.31920111853,12451.1740811349,144059.510000665,1.55208333333333,0.0555555555555556,0.192307692307692,0,244.921409513997
10101215.994179,2217.8699261196,13779.2012803063,883626.934614314,0.5,0.069,0.229,0,-339.432300692376
10504739.0443178,5613.56120644313,33109.158626887,457378.235848725,0.5,0.0555555555555556,0.192307692307692,0,-759.477824252436
10996587.2805256,5.34151248025972,82.323752001024,4165.05420996561,0.555555555555556,0.039,0.341,0,-3.54412191866109
10997190.4481856,46.1416589972431,579.14865424423,3024.26150115331,0.59,0.039,0.341,0,-23.2978973620738
2093558.66099138,176338.017049896,2801095.54250177,5929847.77945696,2.8,0.029,0.277,0,-121753.455271753
10767642.8452844,3628.09149057759,7572.90875358754,221996.154471393,1.32291666666667,0.083,0.204,0,275.011633113785
10769235.0088962,3486.97078413453,7361.07662822045,220756.943691405,1.30208333333333,0.083,0.204,0,261.161675171195
10869887.0025252,2270.69751676926,7688.77443047534,120993.525527523,1.08333333333333,0.0555555555555556,0.192307692307692,0,9.42449685176415
10994972.4626736,2076.58045125485,1894.31747172266,1896.63940345924,3.2025,0.072,0.134,0,325.760016374015
7365014.00386084,477307.086576663,882784.850364115,2275734.05919839,1.31,0.072,0.134,0,42746.3934571266
10986615.7932951,2171.52390996874,5581.93315439527,6470.74964055697,1.51428571428571,0.036,0.142,0,107.332693252151
10852448.7817703,16762.3476626493,41654.0856360826,89974.7849308845,0.75,0.083,0.204,0,909.723439946709
10980779.3970667,649.24690877185,4509.42566494549,14901.9303596868,0.5,0.036,0.142,0,-125.577696011539
10766438.7932142,3667.70218069062,10197.5275837209,220535.977021279,1.32291666666667,0.069,0.229,0,138.713573238325
10996283.3495018,3.77568775258434,67.5450678538932,4485.32974261257,0.45,0.039,0.341,0,-3.02676191832392
9265831.28271036,236143.924798288,844980.0690399,653884.723451471,3.68666666666667,0.029,0.277,0,-1542.97410415229
10907361.9641881,5411.63291767172,27258.1924692267,60808.2104249684,0.5,0.0555555555555556,0.192307692307692,0,-473.709400309812
10927007.1952079,219.423308400144,8230.56657784788,65382.8149057479,0.5,0.025,0.478,0,-414.823134791657
10916699.9501645,653.953167526897,4615.11537892563,78870.9812890267,0.5,0.036,0.142,0,-130.643912990957
10890439.5483117,2258.29164549384,13373.8327527514,94768.3272900373,0.552083333333333,0.0555555555555556,0.192307692307692,0,-309.487812764513
4590263.89768655,304074.248640056,490977.059350021,5615524.79432342,2.92,0.072,0.134,0,31206.6242434924
10317759.9376017,75865.7717653624,298084.006767465,309130.283865544,2.99,0.029,0.277,0,-1963.82731512712
7927799.57425518,524218.11891691,834163.582524682,1714658.72430322,1.58,0.072,0.134,0,54462.1914142929
6106039.48612947,158760.195521149,271789.790656527,4464250.52769289,2.42,0.072,0.134,0,15433.491213051
10975574.6593874,3142.47292870874,13159.7169794814,8963.15070443724,2.54,0.029,0.277,0,-140.104668609306
10994753.7240519,122.51007366596,2660.62064879217,3303.14522564261,0.5,0.016,0.197,0,-124.330943671043
10705607.4783024,11968.6946934018,20693.2137021252,262570.613302045,1.73958333333333,0.083,0.204,0,1152.90039541691
10578923.4566354,134655.263888266,137408.198890867,149853.080585437,2.66,0.072,0.134,0,18292.0457594911
10998059.0844407,262.716423658397,1483.57608385356,1034.6230518622,2.334,0.016,0.197,0,-31.7734833814396
10998981.3588025,197.223385584328,1002.03286154779,659.384950336029,2.6,0.016,0.197,0,-17.7519804898139
10938405.1309525,3075.10130674186,10915.0142306642,48444.7535100882,1.09375,0.036,0.142,0,-15.184513959554
11000189.8233772,136.684006167296,342.27359454645,171.219022077239,2.016,0.039,0.341,0,7.27318180992215
1766374.47996399,133165.78733691,385702.264186874,8715597.46851225,2.835,0.072,0.134,0,4191.9636452934
10926126.61769,15542.207015285,24180.0366016693,34991.1386930232,1.928,0.083,0.204,0,1646.78131213215
10770160.5407656,12595.2213660475,31238.5948150656,186845.643053167,1.55208333333333,0.0555555555555556,0.192307692307692,0,685.762152864271
10809003.0877391,8782.08442645877,20440.3739569689,162614.4538774,1.72916666666667,0.0555555555555556,0.192307692307692,0,552.953944519101
10734846.8968779,6813.83282915922,16557.611391042,242621.658901826,1.58333333333333,0.069,0.229,0,390.310412072238
10898810.7843418,3414.62895050823,20550.681355019,78063.9053526124,0.5,0.0555555555555556,0.192307692307692,0,-484.974960760518
10901182.7163225,3819.29563223343,22561.8353701492,73276.1526750852,0.5,0.0555555555555556,0.192307692307692,0,-518.73591939497
10996308.8993404,7.45120998546891,91.0577601297209,4432.59168944017,0.58,0.039,0.341,0,-3.62941694332282
10779018.5714964,2846.29639866325,8785.07363607987,210190.058468711,1.15625,0.069,0.229,0,60.1364352780367
10787863.4849406,2504.92839020241,8608.75520655434,201862.831462522,1.01041666666667,0.069,0.229,0,3.55520602631808
10752830.2094452,5199.16818322456,10033.7492918739,232776.873079629,1.47916666666667,0.083,0.204,0,442.628235051341
10918987.9895257,951.0363662274,6640.85831367899,74260.1157943904,0.5,0.036,0.142,0,-186.154560641058
10123258.8138643,5908.32854768684,36005.5621384952,835667.295449343,0.5,0.069,0.229,0,-864.530400827931
10982735.6076834,202.514629870143,3655.66566699045,14246.2120197872,0.614583333333333,0.016,0.197,0,-164.154249074629
2008722.2739363,215509.749305869,518438.112023244,8258169.86473462,3.325,0.072,0.134,0,12631.53464459
10961722.2902964,704.932199589142,8528.39152676108,29884.3859772367,1.61458333333333,0.025,0.478,0,-338.550432047934
10782823.8219907,2596.35950824392,6264.91609081203,209154.902410181,1.08333333333333,0.083,0.204,0,152.233461489046
10990640.9327249,289.340221138619,2338.21906181793,7571.50799225775,1.63541666666667,0.016,0.197,0,-74.2816711906742
10945658.9659547,782.942908786251,12787.445325514,41610.645810904,1.16666666666667,0.025,0.478,0,-560.089060186361
10965564.6767299,297.5593644123,4663.39172747756,30314.3721782321,0.614583333333333,0.044,0.423,0,-202.284307856789
10774986.1704155,3035.23248344702,6719.10031480638,216099.496786262,1.21875,0.083,0.204,0,211.95170238144
10483755.9301388,2148.25450314326,13565.4859415437,501370.329416474,0.5,0.0555555555555556,0.192307692307692,0,-340.176972612618
6434428.24860922,102699.030395709,326881.255939457,4136831.46505565,1.14,0.072,0.134,0,1606.66227085835
10879475.0185435,2021.56692318684,8435.58281110722,110907.831722187,0.84375,0.0555555555555556,0.192307692307692,0,-80.0841087492713
10784856.1505399,2595.38558600549,8566.32689929206,204822.136974696,1.0625,0.069,0.229,0,23.7640954322654
10738903.3987415,14806.6561422094,38864.8529533133,208265.092162893,1.4375,0.0555555555555556,0.192307692307692,0,688.508968198293
10994528.8330479,104.6700843341,2453.31604931144,3753.18081850014,0.5,0.016,0.197,0,-116.173411717733
10980995.7798023,147.549575042613,4666.66327055264,15030.0073520319,0.614583333333333,0.025,0.478,0,-231.15019257469
10824398.5570097,6720.34127023078,16206.3558841847,153514.745835787,1.67708333333333,0.0555555555555556,0.192307692307692,0,391.92197006458
10941446.2238223,3114.54418523168,10540.7047992318,45738.5271932904,1.16666666666667,0.036,0.142,0,13.2596895703924
10926482.8071131,13292.2692676429,26804.6119574642,34260.3116617978,1.942,0.069,0.229,0,1067.34087258891
10501386.1552783,4926.13019214264,30125.8899275155,464401.824601962,0.5,0.0555555555555556,0.192307692307692,0,-726.974874319443
10996392.6840337,350.469830180751,2282.91731069423,1813.92882541535,1.97,0.016,0.197,0,-59.4812357004876
10733460.3061735,7742.0852446894,14069.9946828336,245567.613898897,1.61458333333333,0.083,0.204,0,706.405734113541
8134272.66085918,366725.556056668,1452655.03305034,1047186.75003383,3.60666666666667,0.029,0.277,0,-10182.2257839898
10856761.1439217,2482.28488772942,25059.6788090108,116536.892381617,0.9375,0.044,0.423,0,-914.614159030225
10430374.0783849,34498.6380625275,74607.4380537229,461359.845498809,1.22916666666667,0.083,0.204,0,2489.1139130822
10996330.5430196,11.4428782494494,94.6415344751039,4403.37256766822,0.9,0.039,0.341,0,-3.04626944632944
10741485.8905004,6061.99988136155,15022.4022607248,238269.707357453,1.54166666666667,0.069,0.229,0,329.551328765821
10984104.7755624,311.231499252476,3964.18602120332,12459.8069172311,0.916666666666667,0.016,0.197,0,-160.36721419793
10994451.5549574,100.96472211831,2379.65405797353,3907.82626255353,0.5,0.016,0.197,0,-112.828048609405
10962516.8569276,2120.4432954113,5534.06163045598,30668.6381464964,1.69791666666667,0.036,0.142,0,100.528848764088
10884899.9932294,2053.9024335633,10113.2644344288,103772.839902598,0.697916666666667,0.0555555555555556,0.192307692307692,0,-166.996402432474
10950588.7428516,803.502708271277,11852.8646940914,37594.8897459386,1.30208333333333,0.025,0.478,0,-504.047244010968
10802070.5253815,2731.13714203224,9386.88051529779,186651.456961091,0.6875,0.083,0.204,0,3.29168407620954
10998294.2583835,201.826479750716,1585.91971160256,757.995425113874,2.586,0.025,0.478,0,-49.4750329373071
10752628.9402145,4895.65216505879,12643.7559833165,230671.651636994,1.45833333333333,0.069,0.229,0,240.07668181615
10995548.6526113,345.764764692724,2656.31508032635,2289.26754369984,1.45,0.016,0.197,0,-81.1789539929836
10985321.570825,362.886513377133,3895.90844940853,11259.6342122792,1.11458333333333,0.016,0.197,0,-146.591604676143
10760469.5020839,4336.42058971602,8669.1817547109,227364.895571626,1.40625,0.083,0.204,0,353.193371231544
10983933.7618902,301.239358024188,3955.1069241291,12649.8918276596,0.885416666666667,0.016,0.197,0,-161.773306190433
9607472.55794255,364129.302644338,435518.141522688,593719.997890452,2.2,0.072,0.134,0,45824.4658669698
10936319.2274342,613.247856679601,13092.5463421286,50814.97836686,0.875,0.025,0.478,0,-609.515046855378
5759857.41610754,207434.845674876,317393.785000929,4716153.9532167,2.61,0.072,0.134,0,22215.2572908363
10942772.4598346,3115.67881792948,10341.1527965489,44610.7085509497,1.19791666666667,0.036,0.142,0,24.5284341150022
10996598.2095474,5.58796345911569,91.4477701963238,4144.75471899614,0.522222222222222,0.039,0.341,0,-3.98725279581676
10965645.7936753,1721.87995774022,4624.77473328587,28847.5516336413,1.69791666666667,0.036,0.142,0,74.1493638893909
10873352.8270591,2805.42930935081,24688.6023866861,99993.1412448835,1.09375,0.044,0.423,0,-831.82298644539
10843713.3288186,8732.40308535835,42546.259334438,105848.008761574,0.5,0.069,0.229,0,-684.291317921499
10996281.0435835,3.57542184780104,64.8868665844385,4490.49412802195,0.443333333333333,0.039,0.341,0,-2.92189916953009
8720216.97684588,495240.185371961,673340.47607699,1112042.36170519,1.91,0.072,0.134,0,57867.6166108603
10994588.3527745,107.951120096399,2509.6227497453,3634.07335568386,0.5,0.016,0.197,0,-118.681117365717
10935025.6784034,6196.61550150306,32203.6169549127,27414.0891402516,1.94,0.029,0.277,0,-552.939868622128
1606793.11753166,112221.751776753,2312299.80262679,6969525.32806481,2.8,0.029,0.277,0,-106838.297441901
10614012.7305754,16969.5152802863,56742.9633697275,313114.790774502,1.04166666666667,0.0555555555555556,0.192307692307692,0,110.608832241678
7727791.85886657,515089.568208259,860147.105878163,1897811.46704701,1.49,0.072,0.134,0,51262.5105277364
2160916.98569476,251212.137899383,564843.147242653,8023867.72916324,3.50666666666667,0.072,0.134,0,16910.8816254409
10835277.8299599,8939.78010803695,34390.924569103,122231.465362861,0.5,0.083,0.204,0,-189.580582991228
10919107.569675,967.679215977689,6745.58711113108,74019.16399795,0.5,0.036,0.142,0,-188.642389692818
10799074.3331929,2431.86485863432,10118.5909282429,189215.21102018,0.802083333333333,0.069,0.229,0,-95.5000982241112
10851203.5015915,3635.11333393712,9955.81658744588,136045.568487032,1.41666666666667,0.0555555555555556,0.192307692307692,0,145.945302603514
3921431.84020973,332734.226304129,561143.987742578,6185529.94574361,3.245,0.072,0.134,0,32809.6745276266
10813627.9210257,3040.07116350594,17404.6886828307,166767.319127813,0.541666666666667,0.069,0.229,0,-381.802031466107
10780373.2335715,2779.74469116513,8703.45046321245,208983.571273972,1.13541666666667,0.069,0.229,0,51.2539988898612
10996619.6023336,6.131898979727,113.134715340393,4101.13105204734,0.461111111111111,0.039,0.341,0,-5.10357543267249
10994087.8957939,1322.09038052758,2829.57938896442,2600.43443662293,2.18,0.036,0.142,0,96.9700552949406
2602958.08522428,238959.860438061,3084716.45431236,5074205.60002528,2.8,0.029,0.277,0,-125468.421299061
10736255.5504083,20865.361704189,87194.1652837425,156524.922603733,2.68,0.029,0.277,0,-829.89763128203
10971103.4803303,550.52670317735,9705.24589067519,19480.7470757772,0.5,0.044,0.423,0,-433.398359689574
10940016.8439196,703.980551853424,13270.3265593908,46848.8489690448,1.0,0.025,0.478,0,-601.917495934783
10159278.3474824,22689.9158100471,68664.8858914211,750206.850816115,0.770833333333333,0.083,0.204,0,549.2382521426
10807023.4319159,3103.0823114082,11957.1867441197,178756.299028561,0.59375,0.083,0.204,0,-67.3682819838379
10992910.932254,1498.39613848158,3280.94888602864,3149.7227215103,2.11,0.036,0.142,0,105.811161395476
4521599.57538487,442230.885952644,3095684.36351615,2941325.17514633,3.08,0.029,0.277,0,-86947.1190971145
7021519.62011928,452545.737268974,2026918.3281511,1499856.31446064,3.54666666666667,0.029,0.277,0,-25557.1616516117
10799352.0845545,12986.1196106923,56540.2299114659,131961.565923365,2.56,0.029,0.277,0,-648.75337276906
10976527.7252141,3046.55316095079,12677.1754683624,8588.54615668775,2.56,0.029,0.277,0,-139.673657650585
10984718.3638828,341.162002825523,3955.00916997611,11825.464944457,1.02083333333333,0.016,0.197,0,-154.101830323408
10691027.5028426,12431.117556917,28013.332823608,269368.046776764,1.72916666666667,0.069,0.229,0,834.130810343951
10981903.4525299,125.577757276672,2969.89180909491,15841.0779038286,0.5,0.016,0.197,0,-140.852938467842
1088687.56646958,44617.3134692633,1368628.08130294,8498907.03875823,2.8,0.029,0.277,0,-67491.8175701161
10784237.2871242,2617.40992642262,8571.92312808135,205413.379821135,1.07291666666667,0.069,0.229,0,28.0389470348286
10996456.5791024,9.33877605559221,49.0552045996816,4325.02691692029,1.92,0.039,0.341,0,-0.926512956023339
8426422.06441171,517150.737507924,741324.653324469,1315942.5447559,1.79,0.072,0.134,0,58270.96076044
10990336.4410232,561.56094452857,5604.29426443961,4337.70376785098,1.984,0.025,0.478,0,-203.339297155938
10995881.4164552,365.654864789007,2510.54586385574,2082.3828161604,1.77142857142857,0.016,0.197,0,-69.140656463208
10823986.6170773,4522.56655688394,26421.2486770922,145909.567688656,0.5,0.069,0.229,0,-599.003031186606
10931698.682195,439.042528093526,11908.9115179675,56793.3637588084,0.677083333333333,0.025,0.478,0,-577.161460825052
10971278.4381077,1055.93365376499,3255.28418985298,25250.3440487057,1.42708333333333,0.036,0.142,0,22.1435965226836
10964431.0212738,298.351886173235,4074.02894844846,32036.5978915899,0.708333333333333,0.044,0.423,0,-168.66354949502
10999399.7127163,180.191624776845,755.399918613508,504.695740361474,2.82,0.016,0.197,0,-7.24681158603316
10998103.9161566,63.7314246721497,621.380697471971,2050.97172123935,0.908,0.039,0.341,0,-22.2702397200568
10996939.5478196,24.2774608190504,373.639023884424,3502.53569572361,0.546,0.039,0.341,0,-16.0884931174769
10827282.5273967,6348.69270886903,15452.30062374,151756.479270624,1.65625,0.0555555555555556,0.192307692307692,0,361.918743276947
10981741.8080795,118.798869701771,2814.46640260702,16164.9266482184,0.5,0.016,0.197,0,-133.549688845012
10925194.7617826,171.685677476847,6441.07519595751,69032.4773438666,0.5,0.025,0.478,0,-324.901512784751
10982246.8394057,911.882929885775,5719.39722887638,11961.8804356425,0.5,0.036,0.142,0,-142.408006737289
10986861.7218477,589.735549258969,7134.31728409178,6254.22531891522,1.51428571428571,0.025,0.478,0,-282.918384973208
10955181.9204745,786.535683848151,10660.119940909,34211.4239006888,1.42708333333333,0.025,0.478,0,-441.089388704177
10961813.8866335,320.621569628434,3424.630942386,35280.8608544497,0.916666666666667,0.044,0.423,0,-128.640687611374
10982124.4399843,136.038607599134,3181.17607420332,15398.3453339562,0.5,0.016,0.197,0,-150.538168635407
10918754.3830428,919.121295059703,6435.65949786246,74730.8361643322,0.5,0.036,0.142,0,-180.713504067871
10827796.925594,5122.41744848802,29754.8568328891,138165.800124536,0.5,0.069,0.229,0,-668.527920369553
10493087.0059154,3559.84728639829,22396.7215635827,481796.425234492,0.5,0.0555555555555556,0.192307692307692,0,-558.947355112892
10718702.7663519,8780.46333424881,20555.8397029889,252800.930610771,1.66666666666667,0.069,0.229,0,546.691871275448
10996638.6308651,6.91424833630299,137.053064591898,4057.40182196788,0.411111111111111,0.039,0.341,0,-6.28611149861943
10996279.9375948,3.47873864819007,63.5844066677914,4492.99925991071,0.44,0.039,0.341,0,-2.86076413988824
10861200.4199351,2787.57322622597,8361.59385651534,128490.412982062,1.26041666666667,0.0555555555555556,0.192307692307692,0,72.1256989196404
10931500.6465888,429.497239209715,11819.8776796618,57089.9784921644,0.666666666666667,0.025,0.478,0,-574.081472182998
10206851.6518747,19547.8651153724,78736.8273936201,695703.655616176,0.802083333333333,0.069,0.229,0,-614.774670529337
10875151.4786857,4168.71619880151,48787.0871526339,72732.7179629015,0.62,0.029,0.277,0,-1870.20869953023
10043365.5839269,116075.018868257,437646.092919987,403753.304284896,3.28,0.029,0.277,0,-1937.99922709957
10996858.0061234,21.035482890375,311.888697991259,3649.06969579854,0.568,0.039,0.341,0,-13.2727863854575
10946030.9149592,785.97466666141,12731.4567746792,41291.6535993915,1.17708333333333,0.025,0.478,0,-556.123446839896
10986011.2571609,3286.11323474731,5801.24204929672,5741.38755504029,2.348,0.069,0.229,0,310.448394472405
10982455.1079553,970.67004184046,5869.57991585597,11544.6420870373,0.5,0.036,0.142,0,-139.514394948363
10993100.4558333,148.466145853346,1842.1818636683,5748.89615730302,1.04166666666667,0.016,0.197,0,-73.80894523695
10973852.0829302,5395.26526170079,10513.1440758726,11079.5077322453,2.138,0.0555555555555556,0.192307692307692,0,452.897303340556
10926350.4975219,2264.31217853018,10632.7038613316,61592.4864382568,0.75,0.036,0.142,0,-155.102909666119
10100370.4845563,2079.59898280464,12921.2817218517,885468.634738763,0.5,0.069,0.229,0,-317.885942153923
10119020.8172067,15837.8382569065,54320.9632889603,811660.381247413,0.645833333333333,0.083,0.204,0,28.3343511299552
10885329.9131955,2861.41360599263,23229.869783558,89418.8034149959,1.19791666666667,0.044,0.423,0,-739.927236425148
10789601.8205127,2424.51995232899,6467.68463538903,202345.974899494,0.947916666666667,0.083,0.204,0,106.636461943645
10946781.4623886,3064.18813826754,9622.22300162417,41372.1264715095,1.29166666666667,0.036,0.142,0,54.5902975471306
5316342.79285048,251251.365884673,387839.876096729,5045405.96516817,2.74,0.072,0.134,0,26775.4157273808
10999031.0295396,100.156144005571,765.661576659113,943.152739780466,1.092,0.039,0.341,0,-23.277426799293
10925607.0754865,182.545025326303,6848.22354303013,68202.1559450849,0.5,0.025,0.478,0,-344.975276617196
10800511.5290264,2645.64641054849,8772.59957582631,188910.224987148,0.71875,0.083,0.204,0,20.0313674560807
10949438.7024401,2987.07392609123,9060.8713885854,39353.352245189,1.35416666666667,0.036,0.142,0,71.0829239518622
10996337.6369375,12.5333148754981,93.8121293067413,4396.01761826537,1.03,0.039,0.341,0,-2.80211426415631
10918870.2691379,934.863202894388,6537.54487579572,74497.3227834224,0.5,0.036,0.142,0,-183.267824987089
10968641.6801525,488.962655796349,5938.73424568449,25770.6229459667,1.64583333333333,0.025,0.478,0,-236.196809239037
10927866.1818084,242.177951066549,9078.33874730421,63653.3014931125,0.5,0.025,0.478,0,-457.735245534254
10805781.4857428,2598.55011508027,12507.8591496245,179952.104992361,0.677083333333333,0.069,0.229,0,-196.235851762975
10988017.5371679,2867.35168082156,5236.66141734245,4718.44973389897,2.348,0.0555555555555556,0.192307692307692,0,260.9527492803
10803669.9876993,2833.54318817723,10109.9307489264,184226.538363524,0.65625,0.083,0.204,0,-16.870070607122
10818322.6306184,3657.08596959075,21434.6414437977,157425.641968137,0.5,0.069,0.229,0,-487.894210189644
10963509.6587407,2007.24219445492,5235.89484733239,30087.2042174906,1.72916666666667,0.036,0.142,0,95.0377601453344
10104643.0884019,2778.41398762229,17254.9260567099,876163.571553571,0.5,0.069,0.229,0,-424.23641523355
10982836.564554,169.861751545675,6338.55252785705,11495.0211665198,0.5,0.025,0.478,0,-319.636374679369
10973484.3179313,1122.90990914641,10890.1277317187,15342.6444278036,0.833333333333333,0.044,0.423,0,-389.244535146574
10981953.5502702,146.692634647136,5475.74131340794,13264.0157816605,0.5,0.025,0.478,0,-276.11312228319
10987320.1609549,3000.57913757683,5502.54900063306,5016.71090691813,2.334,0.0555555555555556,0.192307692307692,0,271.791663134384
11000070.8175527,91.7728477709157,328.176628034905,349.232971516268,3.105,0.029,0.277,0,-15.6761543315938
10997033.8178018,28.3003869327779,451.728127324199,3326.15368394854,0.524,0.039,0.341,0,-19.6679853771051
1451228.64468308,13293.0684957633,48796.6199254672,9487521.66689576,2.8,0.072,0.134,0,-120.943115328439
10966908.1074848,3957.00954671387,17473.8139442987,12501.0690242947,2.38,0.029,0.277,0,-242.486055133494
10807053.4734466,9019.888893093,21001.099218398,163765.538441752,1.71875,0.0555555555555556,0.192307692307692,0,568.489843890216
10988792.6914991,380.01636806275,2994.04491427285,8673.2472186413,1.59375,0.016,0.197,0,-93.2236881431921
10996780.9218125,18.1509907728841,258.819379998038,3782.10781672674,0.592,0.039,0.341,0,-10.9126117929844
10970091.3677413,480.123846846684,8757.95598790478,21510.552423899,0.5,0.044,0.423,0,-394.189071308525
10406926.7342066,63994.959414965,252654.694263374,277263.612115103,2.95,0.029,0.277,0,-1758.58667628878
10999627.9147526,125.632018464419,494.757460951206,591.695768014854,2.76,0.044,0.423,0,-3.28313903824079
10880107.9767628,20027.2150695859,37433.4777593892,63271.3304082055,1.32142857142857,0.083,0.204,0,1771.22813890496
10951367.1434552,695.094292716333,4821.91001717701,43955.8522348951,1.46875,0.044,0.423,0,-134.392314234815
10985252.4368768,360.741914979398,3904.78072991332,11322.0404783088,1.10416666666667,0.016,0.197,0,-147.556159533032
10997159.8389678,1011.24699599279,1298.71544935516,1370.19858686953,2.586,0.083,0.204,0,122.437900095374
10996545.8166918,4.6344858496501,57.6857698039351,4231.86305256704,0.694444444444444,0.039,0.341,0,-2.29807986248784
10998570.6148807,62.6600641206117,726.641745479838,1480.08330974379,0.732,0.039,0.341,0,-28.3247851234249
10997516.2945505,486.980823431016,1697.49062781548,1139.23399831215,3.2125,0.029,0.277,0,-79.3311165154677
10969350.6051706,460.502136829924,5694.37067172782,25334.5220207964,1.61458333333333,0.025,0.478,0,-228.144977011305
10968495.0095253,6270.8804022453,12447.8888680015,13626.221204458,2.082,0.0555555555555556,0.192307692307692,0,514.629188895707
10920271.4187918,1149.04888545513,7745.36502776562,71674.1672949979,0.5,0.036,0.142,0,-209.167853536893
10612964.6354525,19993.6473105732,48783.1469916461,319098.570245173,1.53125,0.069,0.229,0,1135.06169361055
10821506.6954355,501.239107052379,9305.37104849274,169526.694408991,0.5,0.044,0.423,0,-420.755183554629
10948697.1563225,5375.26022953498,26109.5816350085,20658.0018130622,2.12,0.029,0.277,0,-416.073830797451
10968514.9959826,395.94423518524,7256.69967722746,24672.3601049749,0.5,0.044,0.423,0,-327.249049945383
10995155.7145973,577.70116282032,2681.64796212612,2424.93627772165,2.278,0.044,0.423,0,-37.9835654413889
10927979.6019936,245.249917270711,9190.20056999295,63424.9475189643,0.5,0.025,0.478,0,-463.329631642315
10882965.4470502,2027.56189082794,9372.03620114571,106474.954857798,0.75,0.0555555555555556,0.192307692307692,0,-130.506556733208
10664330.977241,30061.1900346165,122812.633723768,183635.199000554,2.77,0.029,0.277,0,-1084.5109812235
10198972.2513183,18673.9536788505,76759.4325657762,706434.362436967,0.78125,0.069,0.229,0,-672.761797505805
10996259.6036351,1.76892918376685,36.1439562430505,4542.48347937875,0.4,0.039,0.341,0,-1.66723262945986
10195554.3489055,27093.0423400683,76202.6272442464,701989.981510202,0.854166666666667,0.083,0.204,0,976.852988565427
10239189.6628499,30867.8770167599,81210.9423858387,649571.517747506,0.9375,0.083,0.204,0,1423.76612687262
10982916.15117,171.971859824883,6416.28937994008,11335.5875902523,0.5,0.025,0.478,0,-323.264970585315
10999685.9707804,149.842279902632,532.595386896734,471.591552763921,3.18,0.029,0.277,0,65.4584464054497
10981719.4176047,117.876933836734,2792.919940027,16209.7855214612,0.5,0.016,0.197,0,-132.488284667469
10980705.4302329,151.766609869996,4494.926582752,15487.8765743696,0.65625,0.025,0.478,0,-220.920055059599
10998487.4436335,61.4320547898871,699.811188470755,1591.31312327515,0.764,0.039,0.341,0,-27.0606190169464
10999405.8881295,193.514862195228,681.456184563555,559.140823741838,3.2175,0.029,0.277,0,19.0846401814883
10838173.7150292,9874.85537172161,36439.4465011722,116351.983097811,0.5,0.083,0.204,0,-125.680185270176
10617193.9696616,17060.5269092188,56619.79075846,309965.712670634,1.05208333333333,0.0555555555555556,0.192307692307692,0,136.030006799876
10998021.7926353,980.147498404678,903.860318974818,934.199547300908,3.1275,0.072,0.134,0,140.514581720308
10986940.7555536,391.302309542235,3569.16822468835,9938.77391215997,1.34375,0.016,0.197,0,-123.086399872133
4060227.53233447,326415.91144175,548512.853888104,6065683.70233572,3.14,0.072,0.134,0,32300.99802909
10081344.4000321,6353.98622962908,27598.1414038924,885543.472334352,0.5,0.083,0.204,0,-312.352708905307
10998274.9072031,248.187559422935,1373.69117652239,943.214060996329,2.39,0.016,0.197,0,-28.5995251517417
10991360.1383282,2458.05881760677,3312.60354145443,3709.19931274175,2.404,0.083,0.204,0,288.851393629982
8937547.35240663,279070.375430457,1022296.13799518,761926.134167742,3.66,0.029,0.277,0,-3154.27284158243
10677334.2640632,14011.3909220708,31871.0113859813,277623.333628654,1.6875,0.069,0.229,0,924.30021854602
10989234.1822638,1060.73164046579,5367.87630758443,5177.20978812251,2.054,0.044,0.423,0,-93.4901046263219
10993250.1703341,141.541551235133,1846.90755164859,5601.38056304449,0.989583333333333,0.016,0.197,0,-75.3771856236794
10888033.1179108,2136.79843681621,11729.2745522681,98940.8091000785,0.614583333333333,0.0555555555555556,0.192307692307692,0,-240.68951689238
10997392.5292302,945.328051320743,1576.9146202442,925.228098232494,2.68,0.0555555555555556,0.192307692307692,0,93.6485970503951
10896368.4663183,6498.31371021151,46302.8555951994,51670.3643763325,1.31,0.029,0.277,0,-1251.4112940799
5728409.30099741,210857.177653766,322388.017137953,4739185.50421091,2.62,0.072,0.134,0,22654.9652161133
10994521.213627,1254.6219700507,2661.36154097758,2402.80286194637,2.208,0.036,0.142,0,93.2977221757375
10970034.7848885,1187.078884983,3515.97087712429,26102.1653494133,1.5,0.036,0.142,0,32.8736508538619
10992456.6966061,180.19392213431,1889.6159119828,6313.49355982163,1.23958333333333,0.016,0.197,0,-70.2876735461938
10996430.9688394,12.6351184535048,58.8324487915726,4337.56359336322,2.16,0.039,0.341,0,-0.833070502815649
2433069.50432902,218749.508703903,3009636.6315741,5339384.35539296,2.8,0.029,0.277,0,-125118.40698984
10408674.590138,34940.0319257867,76985.5254919234,480239.852444301,1.19791666666667,0.083,0.204,0,2442.17890104306
10842823.3971088,11821.8201875066,39279.7104873596,106915.07221624,0.5,0.083,0.204,0,89.4205288559114
10996506.4156678,4.3875383447461,45.7321696195452,4283.46462421049,0.838888888888889,0.039,0.341,0,-1.678221923923
10599127.2970217,38555.2659339883,155436.783198676,207720.65384566,2.83,0.029,0.277,0,-1154.39755412247
10979702.7992921,166.556096414691,4093.20595373472,16877.4386576749,0.791666666666667,0.025,0.478,0,-195.371324364983
10997122.2728334,33.9162897287629,529.553056496568,3154.25782043147,0.506,0.039,0.341,0,-22.8951572325288
10998191.1234067,62.778505015617,632.921657717976,1953.17643058813,0.876,0.039,0.341,0,-23.0907462346906
10991464.7168269,889.698885128669,4377.7542092803,4107.83007869231,2.124,0.044,0.423,0,-72.1091538207706
6936698.72089626,382700.660491335,842145.896421663,2839294.72219076,0.98,0.072,0.134,0,26792.3645392268
4998817.80468671,472951.788575491,2938218.0519657,2590852.3547721,3.22,0.029,0.277,0,-72299.6842685136
10547435.269448,24370.8372030414,63459.231877669,365574.661471186,1.40625,0.069,0.229,0,1160.77639439918
10870890.5546762,2809.84444553551,46123.0390916921,81016.5617866409,0.5,0.029,0.277,0,-1987.16909199542
10888430.2184907,2152.06510374887,11975.3185319261,98282.3978735456,0.604166666666667,0.0555555555555556,0.192307692307692,0,-251.872421846618
10991866.322699,857.626669805302,4196.84109201527,3919.20953911063,2.138,0.044,0.423,0,-67.8398736363426
10994339.7900161,96.2984113500973,2272.80417580109,4131.10739673056,0.510416666666667,0.016,0.197,0,-107.77274575216
10386037.4319248,66775.3317002949,263283.634775885,284743.601599008,2.96,0.029,0.277,0,-1772.59876247685
10653490.5786374,17506.0342834451,53735.3948288555,276107.992250171,1.16666666666667,0.0555555555555556,0.192307692307692,0,380.765408797488
10996410.0794754,14.6873842552283,67.810002378864,4347.42313795507,2.005,0.039,0.341,0,-0.945930235678564
10777891.3415178,11943.5145983182,29195.1546053104,181809.989278452,1.58333333333333,0.0555555555555556,0.192307692307692,0,675.041375197812
10967300.8364478,12094.1796541524,10992.4649404184,10452.5189576775,3.175,0.072,0.134,0,1699.89599329139
10980943.9845714,672.282769901208,4651.57620152328,14572.15645718,0.5,0.036,0.142,0,-128.979298444163
10970283.4719794,7144.34750119645,10338.2082750341,13073.9722443435,2.152,0.083,0.204,0,799.570581008186
10998382.7808923,61.4549423632387,670.899482764377,1724.86468259792,0.804,0.039,0.341,0,-25.4746837222994
10999201.3574621,106.292692425134,735.860192550466,796.489652913106,1.232,0.039,0.341,0,-20.4474176509032
9963307.85303675,128460.112877792,478764.457366067,430307.576719425,3.35,0.029,0.277,0,-1860.62526556406
6637810.89942807,171976.613794814,606866.791615115,3584185.69516202,0.5,0.072,0.134,0,-646.367469128694
10999306.6854171,402.582785281133,714.308584759219,416.423212846659,2.76,0.036,0.142,0,37.7619887704488
10996274.8517409,3.02619285163548,57.3399347270268,4504.78213152545,0.423333333333333,0.039,0.341,0,-2.60333288577433
10986259.5645335,384.136921959149,3731.44725843207,10464.8512860933,1.25,0.016,0.197,0,-133.419241709778
10790370.8403405,70726.6890581309,68960.8082117987,70781.6623895706,2.85,0.072,0.134,0,9757.8932884254
10925115.2903856,169.592591020287,6362.59579516429,69192.521228157,0.5,0.025,0.478,0,-320.659798140925
10978948.7113097,178.716444846578,3933.75248819263,17778.8197572363,0.885416666666667,0.025,0.478,0,-184.23800039258
10723153.6192075,8221.02150818145,19421.7347484608,250043.624535785,1.64583333333333,0.069,0.229,0,503.370778119237
10970483.7413304,503.626038852304,9129.01291987535,20723.6197108439,0.5,0.044,0.423,0,-410.327630402435
10301193.9944432,26396.874541593,89612.3666868737,583636.764328162,1.0,0.069,0.229,0,97.4549936292054
10983223.3265949,250.004012454566,3841.40291026091,13525.2664824275,0.739583333333333,0.016,0.197,0,-165.403092452034
10974378.200737,783.668648602249,2790.21314344837,22887.9174709873,1.19791666666667,0.036,0.142,0,-4.36447114480271
10943467.7015572,759.854322840592,13061.7649208697,43550.6791989945,1.10416666666667,0.025,0.478,0,-579.172512318052
10099004.5156186,11165.9600720755,42755.2741865748,847914.250122703,0.552083333333333,0.083,0.204,0,-227.41959954761
10842575.3260547,6143.06166272003,38839.3925103906,113282.2197722,1.86,0.029,0.277,0,-991.316909279825
10982996.7143392,174.123691855818,6494.96307948503,11174.1988894013,0.5,0.025,0.478,0,-327.423829606696
10986535.7959703,1939.35897510978,7519.2758138565,4845.56924078947,2.8125,0.029,0.277,0,-4.96845945567733
10983677.7307637,197.298382043481,7154.9753163879,9809.99553787788,0.5,0.025,0.478,0,-359.438923815951
10935758.1343866,596.192457298026,13017.8817032145,51467.7914527469,0.854166666666667,0.025,0.478,0,-608.766620709918
11000039.8268804,122.574570548034,230.972653553259,446.625895523151,2.94,0.044,0.423,0,10.426429279075
10751608.0143248,5345.88017075233,10266.8315201188,233619.273984293,1.48958333333333,0.083,0.204,0,457.764645411463
10965003.9154919,635.766014086695,7293.24869301699,27907.0698009548,1.71875,0.025,0.478,0,-283.046776616959
10822245.4456099,4254.49961742689,24890.9613667883,149449.093405751,0.5,0.069,0.229,0,-564.399142986062
10850035.8819139,15847.2819537021,41528.7441901248,93428.0919422282,0.666666666666667,0.083,0.204,0,740.277760338821
10940348.4181769,710.466582154108,13263.9515391454,46517.1637016926,1.01041666666667,0.025,0.478,0,-600.16306460136
10992910.7381518,157.460786131961,1845.95639965528,5925.84466252731,1.10416666666667,0.016,0.197,0,-72.3680159306247
10995514.6078128,1094.39377409354,2271.49896088628,1959.49945225265,2.278,0.036,0.142,0,83.9132271991824
10977054.774747,1479.6732769246,10250.3947563629,12055.1572197117,1.32142857142857,0.044,0.423,0,-284.868369150786
10978504.6495821,186.506189418948,3881.81309816378,18267.0311302203,0.9375,0.025,0.478,0,-179.807681992841
2279169.61699808,273640.056108848,590665.962137534,7857364.36475558,3.53333333333333,0.072,0.134,0,19799.1606800847
10103079.3892488,2522.62396551634,15669.3795095829,879568.607275924,0.5,0.069,0.229,0,-385.800933379357
10963401.5345527,672.825868506011,7908.57187588814,28857.067702872,1.66666666666667,0.025,0.478,0,-309.873395262535
10999116.401854,183.719642717075,757.653274595104,782.225228689322,2.62,0.044,0.423,0,-7.0197257676637
10881806.1155649,2019.6962880354,9008.31597009197,108005.872176905,0.78125,0.0555555555555556,0.192307692307692,0,-112.401343068427
10820921.3927098,470.305306517504,8731.57074293975,170716.731240778,0.5,0.044,0.423,0,-394.884322716974
10984342.4244278,323.864767532516,3967.77862973228,12205.9321749676,0.958333333333333,0.016,0.197,0,-158.169340155471
10981469.2950647,752.524289114129,5098.52358684163,13519.6570593999,0.5,0.036,0.142,0,-138.328954457025
10996254.106152,1.38363540797565,28.2772969899697,4556.23291558749,0.4,0.039,0.341,0,-1.30609989038215
10901690.3107461,6639.7202891948,44804.5752210003,47705.3937437749,1.4,0.029,0.277,0,-1153.66917273396
7793257.5593332,518910.376407584,852523.090240425,1836148.97401878,1.52,0.072,0.134,0,52436.1966993439
10975552.9878106,252.256616874998,4039.66421941962,20995.0913530002,1.22916666666667,0.025,0.478,0,-175.652434666338
10932108.4471924,458.126211614968,12079.8215764569,56193.6050193939,0.697916666666667,0.025,0.478,0,-582.987770978016
10983456.0373093,4294.80919807036,5990.50731315224,7098.64617950182,2.278,0.083,0.204,0,493.3860745547
10996261.9617266,1.93519521572164,39.5172823056835,4536.58579587034,0.4,0.039,0.341,0,-1.81470903267582
10654949.4375446,18800.3738338165,33480.6634233134,293609.525198215,1.61458333333333,0.083,0.204,0,1754.57721803341
10997456.5464509,74.1149683343351,616.910324827901,2692.42825597796,1.01,0.039,0.341,0,-20.0153560542341
10791090.3669822,2416.84169666557,6614.71874407864,200718.072577011,0.916666666666667,0.083,0.204,0,94.892510562445
10999643.875051,107.369293719537,609.580179137478,479.175476132491,1.568,0.039,0.341,0,-13.2124639394338
10932320.1827149,467.652396574095,12161.5826500131,55890.582238405,0.708333333333333,0.025,0.478,0,-585.439109783076
10974960.4375742,743.050231052942,2746.59254313814,22389.9196516382,1.14583333333333,0.036,0.142,0,-9.60129170882128
10497201.9375561,157697.867026833,163638.803551175,182301.391865902,2.6,0.072,0.134,0,21256.3798124805
10981833.1107989,122.592316774897,2902.29248104984,15982.0044033124,0.5,0.016,0.197,0,-137.696145430494
10999686.3263066,118.928311428318,464.139895772402,570.605486211511,2.78,0.044,0.423,0,-2.54889558678339
10854001.3032269,13600.8543110101,45888.8317640985,87349.0106979586,0.75,0.069,0.229,0,66.9112209150102
10998868.4113727,278.568429870836,968.235940922398,724.784256520043,3.27,0.029,0.277,0,73.3553949355643
10867046.5331699,2412.82644244267,7807.8025611447,123572.837826462,1.14583333333333,0.0555555555555556,0.192307692307692,0,30.8140988541353
10854868.6407496,3298.32266165141,9298.3976033507,133374.638985297,1.36458333333333,0.0555555555555556,0.192307692307692,0,117.195950361614
10981561.5979732,768.181565393438,5175.49407627527,13334.7263852317,0.5,0.036,0.142,0,-139.888060716706
10105772.6441372,2963.24103264067,18399.8814894326,873704.233340518,0.5,0.069,0.229,0,-453.453079757187
10716351.9744634,10278.1743834486,18057.9890250003,256151.862128164,1.69791666666667,0.083,0.204,0,972.869366236448
10994973.0060578,197.512851958675,2805.13827293506,2864.3428172909,0.5,0.016,0.197,0,-117.91055894128
3622462.16751644,350218.475505109,3252467.09006276,3775692.26691568,2.8,0.029,0.277,0,-113334.282425356
10830966.6202657,5647.67836048829,32499.6602146497,131726.041159048,0.5,0.069,0.229,0,-719.284125193573
10858828.1353108,2539.99779524181,25144.2509191921,114327.615974837,0.958333333333333,0.044,0.423,0,-908.733659582355
10861196.3087221,2558.29258685998,37867.465064696,99217.933626341,0.82,0.029,0.277,0,-1651.84561336067
10992890.6240608,467.766171827805,4390.19135784159,3091.41840956709,2.124,0.025,0.478,0,-153.931119523923
10972679.2566894,338.560989961134,4670.63175127466,23151.550569291,1.4375,0.025,0.478,0,-194.18689744122
10958964.7524121,381.428076711943,3396.9347496683,38096.8847614667,1.11458333333333,0.044,0.423,0,-115.484459305891
10822568.9927186,557.385904763024,10346.6241747251,167366.997201951,0.5,0.044,0.423,0,-467.82999814023
10792448.1558091,2422.90765958343,8932.35214891288,197036.584382326,0.927083333333333,0.069,0.229,0,-29.8752494654505
10996385.8925119,947.030590033886,1924.59273670495,1582.48416135577,2.348,0.036,0.142,0,75.2584482756784
10999102.954939,152.860593588997,1129.66307862601,454.521388786879,2.76,0.025,0.478,0,-33.1279464313395
10999569.1506529,108.467559024776,634.672602475214,527.70918562356,1.512,0.039,0.341,0,-14.3970004578213
10997336.4158248,1224.35128289908,1126.63950794133,1152.59338436454,3.15,0.072,0.134,0,147.556794574695
10969843.6495475,1208.15978348965,3558.68586536642,26229.5048036111,1.51041666666667,0.036,0.142,0,34.5903397761833
10999382.6650981,109.055483245281,691.140772641629,657.138646047766,1.372,0.039,0.341,0,-17.4335231993001
4194186.35133169,413738.069125164,3178441.88218512,3214473.69735802,2.975,0.029,0.277,0,-97039.7124189709
10967209.2679267,327.912215334816,6011.15158327985,27291.6682746264,0.5,0.044,0.423,0,-270.673932837252
10828661.477144,6173.70838259553,15096.8585901552,150907.955883195,1.64583333333333,0.0555555555555556,0.192307692307692,0,348.404050336248
10882909.2823399,2861.05757949734,23590.5243573465,91479.1357233296,1.17708333333333,0.044,0.423,0,-760.436726061703
6867524.83726293,353186.393126806,821027.089203485,2959101.6804068,0.86,0.072,0.134,0,22328.0114633123
10997343.9090246,66.3465427714008,616.810694224498,2812.93373845554,0.86,0.039,0.341,0,-21.5042745860625
10996997.9016971,26.7163272079803,421.175694216898,3394.20628152285,0.532,0.039,0.341,0,-18.2653762690553
10900568.8025272,3709.40650642315,22046.5511598491,74515.2398064289,0.5,0.0555555555555556,0.192307692307692,0,-511.344877347808
10990442.259428,1837.75903928015,4201.72721834711,4358.25431445305,1.984,0.036,0.142,0,120.065195578476
1579898.67000849,61025.8481405688,206152.123583219,9153763.35826776,2.8,0.072,0.134,0,271.363605129314
10930079.181254,353.829814101308,11029.8475970206,59377.1413347689,0.583333333333333,0.025,0.478,0,-544.807596133121
10996530.4406957,4.48388068721038,51.8997548032593,4253.17566881375,0.75,0.039,0.341,0,-2.01920775634434
10982144.7541123,886.322239067857,5642.52601096803,12166.3976377186,0.5,0.036,0.142,0,-143.083999988651
6516516.98960261,100822.698860518,403086.691315291,3980413.6202216,0.66,0.072,0.134,0,-3010.90509349765
10806357.2662117,2620.30231385473,12782.7728594437,179079.658614889,0.666666666666667,0.069,0.229,0,-204.742986589938
10216936.0873599,231073.27442614,252122.899535219,300707.738678765,2.44,0.072,0.134,0,30428.0754520665
10975183.9507949,728.471729150862,2734.97441323502,22192.6030627424,1.125,0.036,0.142,0,-11.6404107594947
10980216.0030301,1561.37999303881,9149.04469486118,9913.57228201982,1.64285714285714,0.044,0.423,0,-207.914703371025
10993007.0267394,152.862233880052,1842.78591836104,5837.32510842231,1.07291666666667,0.016,0.197,0,-73.0281799968353
4718427.2893251,296691.3029244,474476.306341884,5511245.10140866,2.89,0.072,0.134,0,30671.7403185181
10957184.1542409,437.452082616468,3589.9563182427,39628.4373582307,1.21875,0.044,0.423,0,-115.836922370932
10978228.4713407,191.614000896016,3862.52563899242,18557.3890193921,0.96875,0.025,0.478,0,-177.976809871228
10960515.0633877,4497.31120092843,20571.8619216693,15255.7634897786,2.28,0.029,0.277,0,-329.003313991562
10999930.808264,341.189430037808,362.857271087407,205.145034899379,2.98,0.069,0.229,0,46.1352746220864
10903501.2568628,6672.70920915983,44252.0216484527,46414.0122796608,1.43,0.029,0.277,0,-1150.36394956902
1529818.30347303,42493.7343616889,148208.820424507,9280319.14174083,2.8,0.072,0.134,0,-85.119140104355
10996931.6464761,23.9552897638462,367.412466568326,3516.98576762093,0.548,0.039,0.341,0,-15.7773363275453
10446738.529326,28041.8713316458,80515.3776763662,445544.2216658,1.23958333333333,0.069,0.229,0,918.989514858332
10995131.9828146,270.914461588686,2797.34730047793,2639.75542335364,0.916666666666667,0.016,0.197,0,-103.387208606937
10821307.4375002,490.708093916591,9110.03621741635,169931.818188535,0.5,0.044,0.423,0,-411.864370083647
10984163.1726119,314.466517283618,3965.99622273839,12396.3646481596,0.927083333333333,0.016,0.197,0,-159.917826655917
10996676.1602069,338.503090868606,2153.36276299508,1671.97393926969,2.026,0.016,0.197,0,-54.5281378326948
10996321.2420599,9.86620964849679,94.4423340763343,4414.44939635357,0.78,0.039,0.341,0,-3.35780058289019
10896198.9418512,2797.56579795473,21249.4763672841,80594.0159835548,1.29166666666667,0.044,0.423,0,-642.476505834845
10998516.5599461,630.42603968211,992.048744759083,700.96526943867,2.76,0.069,0.229,0,65.8887745078038
10960678.7811341,7484.36622527758,15217.4318923342,17459.4207483114,2.012,0.0555555555555556,0.192307692307692,0,594.342295861473
10786075.5021143,2555.35145131235,8569.14147505015,203640.004959209,1.04166666666667,0.069,0.229,0,14.9608324125831
10987135.1263406,600.986868625662,7026.69088824413,6077.19590252796,1.57857142857143,0.025,0.478,0,-274.864025017901
10102780.2245713,12144.2045413526,45310.4275669152,840605.143320386,0.572916666666667,0.083,0.204,0,-179.913680512801
10997165.4687469,41.3017572358586,564.357303298515,3068.87219257111,0.53,0.039,0.341,0,-23.4124759821074
4240307.86966014,319275.485491429,531059.388939181,5910197.25590929,3.0,0.072,0.134,0,31919.1226025099
10928210.654062,251.699932324649,9417.87870431575,62959.767301271,0.5,0.025,0.478,0,-474.738153728149
10278643.2048782,25268.6151093158,88670.5708925875,608257.609119723,0.958333333333333,0.069,0.229,0,-65.7394255810482
10935213.9814635,578.709960365403,12930.7498459101,52116.5587300973,0.833333333333333,0.025,0.478,0,-607.305488214445
10991843.0807707,213.88180237825,2003.77710853383,6779.26031850043,1.39583333333333,0.016,0.197,0,-70.1266291921969
10919265.9487246,9883.58865140735,28369.2290391123,43321.2335848657,1.06428571428571,0.0555555555555556,0.192307692307692,0,324.382918096724
10997830.8757123,320.839034052565,1397.71894231374,1290.56631135592,2.46,0.044,0.423,0,-16.7076713930895
10296059.653898,211192.178035473,227383.712349021,266204.455717542,2.48,0.072,0.134,0,27974.8900707936
10929198.3102527,299.044621381355,10360.5172271309,60982.1278986199,0.520833333333333,0.025,0.478,0,-518.00053298005
10821112.3659074,480.398384405937,8918.79802888766,170328.437679328,0.5,0.044,0.423,0,-403.686757922838
10978384.252282,5418.204619232,7679.51872191925,9358.02437681971,2.222,0.083,0.204,0,615.063175949377
10251151.2205009,31665.3917427986,82001.1615229393,636022.226233297,0.958333333333333,0.083,0.204,0,1533.49748846262
10873594.6057726,3578.3633078859,48122.5386526007,75544.4922669581,0.5,0.029,0.277,0,-1999.96228298299
10996478.1065411,5.95702570122484,43.3736403345021,4312.56279286309,1.44,0.039,0.341,0,-1.26326264884419
10972230.0809049,963.327797862605,3079.68709586113,24566.9042014239,1.36458333333333,0.036,0.142,0,14.1567865165351
10829628.2740782,1031.97794353222,17037.3344943614,153142.413483915,0.541666666666667,0.044,0.423,0,-748.25043029632
10700661.8406126,16625.5546977254,46706.5447778033,236846.059911786,1.3125,0.0555555555555556,0.192307692307692,0,602.398701288534
10973008.5501182,327.68576306438,4583.54273696727,22920.2213816747,1.41666666666667,0.025,0.478,0,-191.689187797438
10940912.4297517,1338.51863514017,8084.9718512272,50504.0797618595,1.71875,0.044,0.423,0,-192.206873003871
11000066.815505,153.253826368109,182.455316162599,437.475352439146,2.96,0.044,0.423,0,19.1862181157722
10991659.6353006,224.614873760724,2046.89827960719,6908.85154613225,1.4375,0.016,0.197,0,-70.5482319154591
10997151.5987508,999.308615540489,1673.59577207119,1015.49686163219,2.66,0.0555555555555556,0.192307692307692,0,99.0567138430609
10845175.832407,9336.76895402746,43446.580659756,102880.817979178,0.5,0.069,0.229,0,-617.619633900128
10926228.494091,198.911708365215,7461.79796324884,66950.7962373078,0.5,0.025,0.478,0,-376.267789044391
10950315.1187581,2954.42938400525,8862.36629733076,38708.0855605682,1.375,0.036,0.142,0,75.8052389495699
10966319.6714171,300.295715123853,5205.33262807105,29014.7002397472,0.552083333333333,0.044,0.423,0,-231.239571088711
10893339.45942,2588.72666074975,15800.0458005585,89111.7681186258,0.5,0.0555555555555556,0.192307692307692,0,-380.023658059626
10987494.5276799,3371.47370719269,4630.01215690303,5343.98645599916,2.334,0.083,0.204,0,392.161261426401
10996268.8633507,2.47099460383831,49.3410970510265,4519.32455758821,0.4,0.039,0.341,0,-2.2559655729047
10407437.5064805,28459.1539631122,85076.2542956317,479867.085260557,1.17708333333333,0.069,0.229,0,745.836535174193
10964317.3895417,8370.52578410183,12269.0978221513,15882.9868520014,2.11,0.083,0.204,0,927.764164818127
10202860.2262197,19112.5976510454,77764.052947154,701103.123181946,0.791666666666667,0.069,0.229,0,-644.769114192551
10553534.8070232,28417.5455479854,55482.5402620504,363405.107166683,1.41666666666667,0.083,0.204,0,2383.19367017438
10323038.4588556,34684.6931503113,82780.5064469548,560336.341547132,1.07291666666667,0.083,0.204,0,2071.54922208036
1660426.82675713,91050.4975665229,290919.160078944,8958443.51559743,2.8,0.072,0.134,0,1360.57304051788
10884837.9389347,5928.47469578385,48730.2889443115,61343.2974252475,1.1,0.029,0.277,0,-1501.07962652702
10527852.8066883,30179.922316099,60196.0185065021,382611.252489009,1.375,0.083,0.204,0,2460.27516537687
10765114.8848788,3864.82721638127,7934.58741300876,223925.700491793,1.35416666666667,0.083,0.204,0,302.435995198143
10996054.1822619,325.216858771283,2790.1765354539,1670.42434389941,2.348,0.025,0.478,0,-92.6447439940647
10955808.5583143,2670.40352287325,7482.35060363383,34878.6875591907,1.51041666666667,0.036,0.142,0,97.9001468236043
10999531.7231683,108.840543309784,646.738470919385,552.69781751515,1.484,0.039,0.341,0,-14.9967452613564
1486765.56038211,26519.3854170695,95082.4395566565,9392472.61464423,2.8,0.072,0.134,0,-186.571857547528
10996568.3464724,4.96920514652778,69.2644557761301,4197.41986669284,0.616666666666667,0.039,0.341,0,-2.90068970347562
10980883.0033155,2590.10355330752,10451.4306006208,6915.46253066362,2.66,0.029,0.277,0,-85.7606404137491
10986111.1294513,381.693359603314,3762.41883511253,10584.7583539918,1.22916666666667,0.016,0.197,0,-135.652276363183
10880255.0866025,2018.31383152172,8605.29723681118,109961.302329156,0.822916666666667,0.0555555555555556,0.192307692307692,0,-89.9052894816004
10785253.2881375,11281.4733854091,27193.6440297008,177111.594447267,1.61458333333333,0.0555555555555556,0.192307692307692,0,658.472505803983
10598531.4695708,16394.6067829511,56988.6864778438,328925.237168288,0.989583333333333,0.0555555555555556,0.192307692307692,0,-13.7314601940759
10859202.0124093,14954.3809287777,45658.8939730947,81024.7126888239,0.916666666666667,0.069,0.229,0,339.664594869292
10998680.8620783,179.000109790764,1369.74275276804,610.395059166868,2.66,0.025,0.478,0,-41.7853584437545
10915174.7409789,14916.6512448278,30557.2007568998,40191.407019375,1.9,0.069,0.229,0,1170.39101371428
10857543.6973272,3070.70937277941,8867.96902771892,131357.624272253,1.32291666666667,0.0555555555555556,0.192307692307692,0,97.9384628259871
10105198.780009,2869.33337786137,17818.2353547864,874953.651258097,0.5,0.069,0.229,0,-436.984729438831
10994730.0493213,1221.59179287683,2579.89333936573,2308.46554647089,2.222,0.036,0.142,0,91.5794672690563
10996647.6971877,7.87846844538097,149.354873135581,4035.06947076942,0.413333333333333,0.039,0.341,0,-6.78930560165901
10905327.4393553,6698.6188775186,43674.9280483824,45139.0137188276,1.46,0.029,0.277,0,-1149.74662098678
10929876.0540747,1926.594115358,11974.517584218,57062.8342257588,1.625,0.044,0.423,0,-294.267609868483
10716358.7083481,9079.7829736637,21161.4842249131,254240.024453186,1.67708333333333,0.069,0.229,0,570.808553571996
10987788.8233155,2930.97435372258,5132.42901202265,4987.773318784,2.376,0.069,0.229,0,278.14253223856
10999804.0800167,446.618298852708,233.398998243255,355.902686243422,3.015,0.072,0.134,0,62.8620525663932
10950731.4135722,728.726958766697,4992.28150633381,44387.5779626395,1.48958333333333,0.044,0.423,0,-137.105459235169
10936602.7183036,11777.339502634,23388.9013649147,29071.0408288101,1.984,0.069,0.229,0,964.998848366763
1315836.44763675,73629.3876047929,1856986.85501404,7754387.30974445,2.8,0.029,0.277,0,-89038.0538170089
10486937.9807561,2627.20218414249,16581.4684108859,494693.348648779,0.5,0.0555555555555556,0.192307692307692,0,-416.342540534545
10992493.9372538,178.260470790905,1884.5012541892,6283.30102122968,1.22916666666667,0.016,0.197,0,-70.3745653815433
10957374.3791888,430.868397110418,3563.68928566991,39471.0631283621,1.20833333333333,0.044,0.423,0,-115.616922466063
10994631.5454888,1502.6974809796,2520.2784686547,2185.47856149597,2.53,0.069,0.229,0,148.714045928611
10934177.7883632,542.662415278907,12720.051569398,53399.4976519762,0.791666666666667,0.025,0.478,0,-602.372316396193
10925856.0146632,6532.33349698986,36085.409825715,32366.2420140894,1.79,0.029,0.277,0,-740.36857273449
10958283.0056027,401.361397848913,3456.02940070748,38699.6035986851,1.15625,0.044,0.423,0,-114.6446359686
10997481.173136,74.9078842816431,615.524254951203,2668.39472480039,1.04,0.039,0.341,0,-19.7932769840566
10962122.3594401,8813.11833316044,12974.1599139065,16930.3623128383,2.096,0.083,0.204,0,974.053725460197
10282668.1694147,33343.0443343389,83110.5255383977,601718.260712583,1.01041666666667,0.083,0.204,0,1795.33997221711
10993498.2776888,2612.5157005239,2373.64020952903,2355.56640108802,3.225,0.072,0.134,0,366.022290527629
10963961.2855856,6983.49465978141,14061.8297603501,15833.3899942552,2.04,0.0555555555555556,0.192307692307692,0,562.022408600205
10800727.1482894,2458.24120697663,10580.4101467473,187074.200356798,0.770833333333333,0.069,0.229,0,-115.659919761973
10978684.9820764,580.594251435075,3164.45219090412,18409.9714812983,0.739583333333333,0.036,0.142,0,-64.1727054469684
10982885.4992669,218.513118611778,3726.03318032494,14009.9544341829,0.65625,0.016,0.197,0,-165.000140147577
10975721.9433694,695.784510982828,2720.3387585813,21701.9333610296,1.07291666666667,0.036,0.142,0,-17.4816148835587
10996751.9452136,17.0794532968595,240.239121231818,3830.73621193775,0.593333333333333,0.039,0.341,0,-10.0725562827499
10922139.9230812,1566.86443781074,9103.3189223521,68029.8935586285,0.5625,0.036,0.142,0,-204.452420088278
10996464.3539143,347.556433490837,2250.42751329363,1777.66213896497,1.984,0.016,0.197,0,-58.2120361900629
10996531.9598257,4.49575952781861,52.4025911504269,4251.14182363671,0.744444444444444,0.039,0.341,0,-2.04969678358241
10925866.8785129,189.387606180065,7104.75573721568,67678.9781435935,0.5,0.025,0.478,0,-358.309426428434
10975075.2037828,5189.85798751824,10067.033972357,10507.9042573223,2.152,0.0555555555555556,0.192307692307692,0,439.060882823619
10941706.2766216,734.480909384268,13206.0077288581,45193.2347400397,1.05208333333333,0.025,0.478,0,-592.474007090129
10898121.9791306,6552.50073512572,45831.168439438,50334.3516948674,1.34,0.029,0.277,0,-1246.78413060098
10958628.4712099,391.016750624613,3423.56747762176,38396.9445618419,1.13541666666667,0.044,0.423,0,-115.385044217727
2278296.88846816,199729.427777107,2925202.50288459,5597611.18087013,2.8,0.029,0.277,0,-124139.018990035
10492500.9609974,3469.98811920809,21843.7849057453,483025.265977542,0.5,0.0555555555555556,0.192307692307692,0,-546.806921418748
10977284.8812243,621.079466538347,2815.76411239466,20118.2751968335,0.90625,0.036,0.142,0,-36.7481510726384
10987712.8719949,391.910983104412,3350.49921607195,9384.71780596259,1.44791666666667,0.016,0.197,0,-110.775248455635
10982074.0115548,133.397176492787,3133.21696525979,15499.3743034616,0.5,0.016,0.197,0,-148.401894470267
10819373.4347487,388.494550189728,7213.72284576126,173864.347855409,0.5,0.044,0.423,0,-326.240068134951
10987557.862165,392.401340004732,3397.05437404123,9492.68212098136,1.42708333333333,0.016,0.197,0,-113.273325170326
10918308.6678615,859.865796136847,6042.47983910876,75628.9865032407,0.5,0.036,0.142,0,-170.147513075926
10963922.7997066,300.281152309,3880.83916421877,32736.0799768436,0.75,0.044,0.423,0,-157.794194092709
10851791.2360872,12787.868501152,45749.3519162197,90511.5434953673,0.666666666666667,0.069,0.229,0,-82.6588401450488
10996295.4055239,4.87511139478118,80.30317500024,4459.41618965211,0.48,0.039,0.341,0,-3.52858660768566
10796682.2403305,10164.1103618348,23986.1170366134,170007.532270954,1.66666666666667,0.0555555555555556,0.192307692307692,0,622.63581243254
10870341.808049,2250.61825480858,7680.96963470141,120566.604061448,1.07291666666667,0.0555555555555556,0.192307692307692,0,6.86406681340742
10101659.6010962,2290.41731157382,14229.2557129884,882660.725878983,0.5,0.069,0.229,0,-350.199149281539
6180972.00535759,144769.750265191,269181.604909334,4405916.63946793,2.18,0.072,0.134,0,12895.8813326889
10999971.2311296,99.6545863648986,298.988131508289,470.126152493409,2.9,0.044,0.423,0,2.74941129140205
10931230.6011396,2744.80210578613,11199.0957274271,55665.501027197,0.90625,0.036,0.142,0,-94.4080907068997
10823241.707886,6031.61751509378,24881.5587350831,146685.115863789,0.5,0.083,0.204,0,-221.333633861645
11000177.6222548,78.7114026889828,268.994706072318,314.67163644278,3.075,0.029,0.277,0,-7.80783449548152
10994883.8909767,151.418321580783,2762.02189462396,3042.66880714293,0.5,0.016,0.197,0,-124.311055756631
10999154.9681714,475.803417368839,587.194322448062,622.034088770531,2.78,0.083,0.204,0,58.8996098629739
10948620.457657,846.477789065647,5591.51631021556,45781.548243688,1.55208333333333,0.044,0.423,0,-148.175562006732
10703293.7428118,10800.9094485061,24628.7499126051,262116.597826951,1.72916666666667,0.069,0.229,0,709.636733039561
10855775.2868153,3693.9940210591,36763.1279165177,104607.591247148,1.22,0.029,0.277,0,-1345.66769916655
1965095.1992694,203049.27382292,501108.195002802,8331587.33190491,3.255,0.072,0.134,0,11182.6161130095
10918124.2795445,16923.9397385124,26589.0727680354,39202.7079488847,1.9,0.083,0.204,0,1777.71918551646
10997250.4249183,55.6107457166614,601.950342859674,2932.01399319184,0.71,0.039,0.341,0,-22.7441559043484
1821727.00897957,154941.825018037,425374.614433197,8598796.55156921,2.975,0.072,0.134,0,6149.83499301284
10162973.9787847,13791.0640455242,64039.7348693623,760035.2223003,0.666666666666667,0.069,0.229,0,-904.441963752363
10977750.2201494,200.959317223472,3849.66869061708,19039.1518426995,1.02083333333333,0.025,0.478,0,-175.121960161569
10855747.818065,2451.98060326234,25001.9161768059,117638.28515499,0.927083333333333,0.044,0.423,0,-917.994075600379
10992567.1920272,174.494006800547,1875.16443541001,6223.14953065453,1.20833333333333,0.016,0.197,0,-70.6282760325669
4885527.81453374,285731.572220304,451724.717523516,5377855.89572249,2.85,0.072,0.134,0,29862.7807247328
10944106.4935578,3107.51158278509,10120.3930645781,43505.6017947951,1.22916666666667,0.036,0.142,0,35.5741421710843
10211041.9020767,90724.3741534773,352318.106532789,346755.617237128,3.105,0.029,0.277,0,-2095.43488269266
10982528.4577499,6644.61666357121,5954.76493181177,5712.16065468118,3.275,0.072,0.134,0,958.510911795078
11000297.5083898,90.0323599566816,177.045240087016,275.414010203248,3.03,0.029,0.277,0,-64.0479455535051
10996501.9254843,4.38903464246872,44.9187223940181,4288.76675863158,0.855555555555556,0.039,0.341,0,-1.64690930958788
10966951.030319,314.464284457477,5764.77204601345,27809.733350506,0.5,0.044,0.423,0,-260.118464854115
10996368.484983,14.9810633752794,85.1295111395669,4371.40444243377,1.485,0.039,0.341,0,-1.84608425865565
10879865.5411182,2019.6081896327,8517.92687229568,110436.923819852,0.833333333333333,0.0555555555555556,0.192307692307692,0,-85.1374714473548
10975173.8201305,262.464598508397,4103.32351918028,21300.3917517201,1.26041666666667,0.025,0.478,0,-177.502553530979
10111458.293912,14209.0693878368,50465.5690340283,824707.067666124,0.614583333333333,0.083,0.204,0,-69.7873103848963
10039545.1484702,273403.413611039,306856.992991975,381034.444926795,2.36,0.072,0.134,0,35565.4651237673
10926416.0652174,203.851948441326,7646.98732670232,66573.0955073713,0.5,0.025,0.478,0,-385.748041795126
10986924.580374,3104.33271618235,5458.04144188477,5353.04546794062,2.362,0.069,0.229,0,292.734814760006
10088368.7330836,8122.0683920586,34130.3996982502,870218.798826085,0.5,0.083,0.204,0,-335.42794294898
10907166.8772164,6717.47211964404,43074.5592079424,43881.091456015,1.49,0.029,0.277,0,-1062.24206170563
10126854.5563278,6601.91967466996,39529.7527915655,827853.771205744,0.5,0.069,0.229,0,-926.548098095431
10992601.2564438,2157.32810254607,2885.98108846398,3195.43436517481,2.432,0.083,0.204,0,254.190384595831
6024336.34535809,173589.55468615,279232.373256711,4523681.72669908,2.52,0.072,0.134,0,17881.265562743
10978350.6548256,2859.24600848014,11749.6905676464,7880.40859831223,2.6,0.029,0.277,0,-78.5631058982215
10997132.7880939,35.1723775205226,538.611152129181,3133.42837651747,0.504,0.039,0.341,0,-23.1623762462819
10840879.2341633,1828.98895977608,22545.2207705206,135586.556106461,0.75,0.044,0.423,0,-900.543623159554
10493687.9139332,3652.37844987489,22963.2173624375,480536.490254348,0.5,0.0555555555555556,0.192307692307692,0,-573.483078365697
10896144.6477615,3002.08403487519,18246.5131955228,83446.7550080635,0.5,0.0555555555555556,0.192307692307692,0,-436.411299930787
10085859.3693461,7456.63143258271,31831.8590648741,875692.140156411,0.5,0.083,0.204,0,-334.667045841619
10998395.2148336,195.921064452524,1529.81236798287,719.051733989846,2.6,0.025,0.478,0,-47.1327010898742
10798482.1741519,2554.89617569114,8096.57838350882,191706.351288873,0.760416666666667,0.083,0.204,0,41.3121989413526
10938100.0827665,661.37119512805,13239.9547232143,48838.5913150211,0.9375,0.025,0.478,0,-608.551072034239
10999271.8764333,214.588085856978,752.83657614041,600.698904735062,3.2325,0.029,0.277,0,-56.9162984860952
10902116.3685687,2718.7162941546,19944.4361292461,76060.4790079251,1.34375,0.044,0.423,0,-585.468461581198
10996609.6430105,5.86725926141053,102.373403346666,4122.1163269257,0.488888888888889,0.039,0.341,0,-4.55345485067976
10905445.5332878,18672.8465308627,30423.2140162163,46298.4061650303,1.70714285714286,0.083,0.204,0,1899.61130130728
10820551.3989066,450.750884931658,8368.8147840708,171469.035424434,0.5,0.044,0.423,0,-378.621722381957
10994100.9746326,102.772902637229,2087.40409188344,4548.84837296957,0.635416666666667,0.016,0.197,0,-96.1886248066134
5881348.49250742,193401.035286329,298587.608876717,4627502.86332958,2.57,0.072,0.134,0,20617.6373679014
6709719.58690897,234616.139657293,709385.238594219,3347119.03483954,0.5,0.072,0.134,0,5685.98426866209
10715157.3899757,23538.0742343348,97591.0001112373,164553.535678702,2.71,0.029,0.277,0,-938.545586046649
10979457.4147771,170.381015405016,4030.20157347806,17182.0026339895,0.822916666666667,0.025,0.478,0,-190.979204833134
10965523.6083891,6740.72543575673,13508.0319688496,15067.6342063089,2.054,0.0555555555555556,0.192307692307692,0,546.098674443274
10983950.3227813,222.729261975089,7402.98154201989,9263.96641472034,0.5,0.025,0.478,0,-368.404392731556
10925255.1305953,2115.51754027066,10364.5148014903,63104.8370629195,0.708333333333333,0.036,0.142,0,-169.015255964586
10992306.2603482,3047.62039960542,2761.54797029515,2724.57128185574,3.24,0.072,0.134,0,442.551010412265
10544101.9807103,12233.6223032852,51366.3874464143,393138.009539861,0.770833333333333,0.0555555555555556,0.192307692307692,0,-501.205620000131
10999939.7926241,110.96459042286,398.01794296502,391.224842507422,3.135,0.029,0.277,0,-30.3536757347286
10868962.3428838,2313.84431542627,7714.66750529634,121849.145295442,1.10416666666667,0.0555555555555556,0.192307692307692,0,15.0458404422758
10997913.7096101,813.999480866657,1031.02520293601,1081.26570610034,2.64,0.083,0.204,0,100.067359755348
11000003.2256586,99.6496604881478,469.10789013846,268.016790766915,1.848,0.039,0.341,0,-6.90342889030376
10989483.6992876,589.168687092734,5994.53662786967,4772.59539745243,1.942,0.025,0.478,0,-219.869536548372
10926905.6278166,216.747260604162,8130.30172043532,65587.3232022481,0.5,0.025,0.478,0,-409.923320217254
10950279.9786334,5266.30800802011,25382.3221842229,19911.391174413,2.14,0.029,0.277,0,-411.771197961542
10930869.8684241,2717.68832816695,11184.0359265999,56068.4073211248,0.895833333333333,0.036,0.142,0,-98.6532309686243
10996498.926336,4.39349771707972,44.4291101958107,4292.25105609706,0.866666666666667,0.039,0.341,0,-1.64044484445546
10999531.9028039,476.626664661911,385.766738999062,445.70379246711,3.045,0.072,0.134,0,59.1167252366313
10485267.0491212,2375.61251856567,14998.0824252183,498199.255934892,0.5,0.0555555555555556,0.192307692307692,0,-376.290449837042
10999123.096026,238.094283526596,832.18582498261,646.62386556238,3.2475,0.029,0.277,0,-3.12565792139061
10996580.2435686,5.19447137666609,77.0821127506669,4177.47984723349,0.577777777777778,0.039,0.341,0,-3.28812975006413
10922751.1131655,10281.014488143,27598.1469471888,40209.7253992088,1.19285714285714,0.0555555555555556,0.192307692307692,0,443.555863386577
10997621.0518837,241.141203434119,1954.964668705,1022.84224415711,2.502,0.025,0.478,0,-62.4346210857462
10988022.9185409,390.026658379074,3253.69637947074,9173.35842128141,1.48958333333333,0.016,0.197,0,-105.747340327454
10530561.5121481,10478.6286915398,47425.414496611,412374.44466366,0.697916666666667,0.0555555555555556,0.192307692307692,0,-619.684559109766
9082035.23380894,451403.915875923,581303.112028284,886097.738286887,2.04,0.072,0.134,0,54505.1758531879
10795151.5927576,13516.3441059181,58542.0192118307,133630.04392462,2.57,0.029,0.277,0,-606.774996269071
10953659.2092068,795.884633608975,11085.971744773,35298.9344147047,1.38541666666667,0.025,0.478,0,-462.997493895598
10998932.5167816,203.813667761039,850.739495156393,852.930055517529,2.586,0.044,0.423,0,-7.86976710543789
10729679.795177,15333.886584078,40912.5904193742,214913.727819499,1.40625,0.0555555555555556,0.192307692307692,0,676.039388875153
10972041.7299543,5919.65601524821,10951.7206296755,11926.8934007481,2.194,0.069,0.229,0,529.552337988829
10996963.8885167,25.2810785146544,393.138989224738,3457.69141555865,0.54,0.039,0.341,0,-16.9731419655974
10565041.9483482,14295.938270531,55037.4233010505,366464.690080126,0.864583333333333,0.0555555555555556,0.192307692307692,0,-308.014953183567
10949426.9083549,11292.8999337604,16999.9141577952,23120.2775534931,2.026,0.083,0.204,0,1227.37689459539
10996378.5435202,15.239360477332,81.3067764618082,4364.9103428075,1.615,0.039,0.341,0,-1.60504389584973
10997532.1024119,295.077381639969,1745.9097618296,1266.91044469306,2.208,0.016,0.197,0,-40.270665857397
10113468.7420987,4227.27478278058,26188.8542115627,856955.12890676,0.5,0.069,0.229,0,-642.359588955031
10853448.6680881,3425.54776246087,9544.51645714614,134421.267692187,1.38541666666667,0.0555555555555556,0.192307692307692,0,127.331643117276
10972672.1947307,922.840209001692,3006.63821150789,24238.3268488038,1.33333333333333,0.036,0.142,0,10.3567038598711
10966708.9201758,6866.52082227057,12875.8614784437,14388.6975234682,2.152,0.069,0.229,0,606.299627835438
10570209.5388419,14706.3878158161,55607.1813636519,360316.891978527,0.885416666666667,0.0555555555555556,0.192307692307692,0,-261.039943562141
10994425.7574865,922.325058211803,3360.13992842494,2131.77752688369,3.0375,0.029,0.277,0,64.091459488745
10952551.2359938,634.956841677856,4519.26773842394,43134.5394260594,1.42708333333333,0.044,0.423,0,-129.019267024454
10973758.1845755,830.92414410482,2855.21309615123,23395.6781842128,1.25,0.036,0.142,0,1.30649441051908
10996636.4434278,6.76948880146351,134.098029400986,4062.68905396397,0.416666666666667,0.039,0.341,0,-6.13369939616527
10996263.8735904,2.07197445113474,42.2502882635966,4531.80414687116,0.4,0.039,0.341,0,-1.95784880209047
10952901.2125984,2837.70306985742,8240.76336982995,36860.3209618807,1.4375,0.036,0.142,0,87.8409529458764
10349573.2217571,27954.5460693302,89159.5233730582,534152.708800316,1.08333333333333,0.069,0.229,0,422.697062167798
10995392.609543,1924.36282721702,1757.80109361594,1765.22653611831,3.195,0.072,0.134,0,295.144470649171
10875893.647057,2070.20217776248,7899.2559309119,114976.8948343,0.9375,0.0555555555555556,0.192307692307692,0,-40.8968249168436
1905758.36768928,184500.584678802,473688.087402661,8436892.96022928,3.15,0.072,0.134,0,9155.89782609444
10998998.7599817,98.5438630561981,769.603460746082,973.092694552398,1.064,0.039,0.341,0,-23.7946161296235
10988332.2056122,386.945145387507,3152.51105116863,8968.33819129614,1.53125,0.016,0.197,0,-100.763934420462
10996897.8782139,1055.48857762018,1775.35597564214,1111.27723279125,2.64,0.0555555555555556,0.192307692307692,0,104.010825125181
7310112.17212414,468812.700437242,882619.744232915,2339295.38320571,1.28,0.072,0.134,0,41133.0419916456
10991974.7606356,206.36279785823,1975.09695831392,6683.77960833307,1.36458333333333,0.016,0.197,0,-70.059539069412
10996517.8799605,1087.68386634671,1785.2986544013,1449.1375187583,2.6,0.069,0.229,0,109.748185184027
10847292.4077479,2142.57549244075,24031.8160112081,127373.200748541,0.833333333333333,0.044,0.423,0,-922.540202957971
10888828.8267322,2168.90788332316,12232.2488480238,97610.016536446,0.59375,0.0555555555555556,0.192307692307692,0,-262.363809997705
10494935.7850347,3846.14215953244,24137.7865561124,477920.286249535,0.5,0.0555555555555556,0.192307692307692,0,-602.034873202173
10995698.3659548,1063.86592503776,2198.72760036374,1879.04051977313,2.292,0.036,0.142,0,82.4576255153595
10982149.9425015,137.475777968066,3205.32828366964,15347.2534369234,0.5,0.016,0.197,0,-151.633396141629
3874552.17604685,334883.489908208,565321.552394282,6226082.78165071,3.28,0.072,0.134,0,33009.4503579196
10523330.8286369,25583.7095294623,68180.151153982,383745.3106795,1.36458333333333,0.069,0.229,0,1131.82728498303
10487838.5794648,2762.94796886862,17434.5061048906,492803.966461374,0.5,0.0555555555555556,0.192307692307692,0,-437.150335818221
10996615.5688995,6.02146246302628,108.631497295541,4109.77814070123,0.472222222222222,0.039,0.341,0,-4.89366679436057
10998144.2732841,627.764493628192,1208.73643861251,859.22578369316,2.53,0.036,0.142,0,53.361231056373
10954384.5632222,548.974482016279,4095.40236717379,41811.0599285583,1.35416666666667,0.044,0.423,0,-122.321509141126
10394193.329885,35124.9995575448,78383.9814687243,493137.689088713,1.17708333333333,0.083,0.204,0,2398.57792897169
10997807.0522651,68.5025331533638,604.080204566555,2360.3649972439,1.012,0.039,0.341,0,-20.3915367658384
10958533.0108241,753.142869539728,9626.31388806454,31927.532418183,1.52083333333333,0.025,0.478,0,-390.13603521632
10171579.1401961,15113.2806804139,67755.5720348007,746392.007088494,0.697916666666667,0.069,0.229,0,-857.434004282719
10963182.8094894,2046.27413986014,5333.46967893079,30277.4466918225,1.71875,0.036,0.142,0,97.0771766389301
10981525.4652174,109.951592398945,2606.21407067883,16598.3691195819,0.5,0.016,0.197,0,-123.573111716519
1547705.10770026,49115.6389378361,169370.435453207,9234648.81790876,2.8,0.072,0.134,0,21.5001316045195
10973498.280078,851.897548645707,2887.43082717266,23602.3915461493,1.27083333333333,0.036,0.142,0,3.28163028962688
10997838.1274225,843.482300968969,1398.27144035298,760.118836167193,2.72,0.0555555555555556,0.192307692307692,0,85.030947395579
10682767.4817299,15321.8763310035,26529.0653034101,276221.576635609,1.6875,0.083,0.204,0,1472.0795178346
10996655.3287902,8.74528242385617,158.886339892083,4017.0395875044,0.433333333333333,0.039,0.341,0,-7.14105094243636
10971318.5492916,572.874563368449,9899.12862739957,19049.447517637,0.5,0.044,0.423,0,-439.906130561954
10875485.6709409,2079.20855771653,7860.4734007767,115414.647100562,0.947916666666667,0.0555555555555556,0.192307692307692,0,-37.3482697479893
10998003.3394639,266.348455049295,1511.72695830627,1058.58512273046,2.32,0.016,0.197,0,-32.717443793516
10996287.0530576,4.09634833712065,71.6630237086059,4477.18757032474,0.46,0.039,0.341,0,-3.19129818332885
10329982.6428742,34831.5488082012,82551.0659668062,553474.742350748,1.08333333333333,0.083,0.204,0,2111.96015406442
10999888.4707807,99.2020226294117,353.456905483845,498.870291180972,2.86,0.044,0.423,0,-0.753614066242095
10990323.6148094,311.122769865741,2442.60866284294,7762.65375801193,1.6875,0.016,0.197,0,-75.8845865548756
10994122.0765058,101.823311321966,2100.75656082924,4515.34362205132,0.625,0.016,0.197,0,-97.0994153289478
10993734.0205337,119.694361430477,1925.77231937549,5060.51278559997,0.802083333333333,0.016,0.197,0,-83.953762353885
10826801.385507,4963.27657024967,28886.5444253831,140188.793497247,0.5,0.069,0.229,0,-650.953487009654
10512918.2842917,7455.97419005108,39151.2423150527,441314.499203109,0.572916666666667,0.0555555555555556,0.192307692307692,0,-741.39974979039
10798840.7397049,9938.57682718482,23368.5157219844,168692.167745795,1.67708333333333,0.0555555555555556,0.192307692307692,0,613.517186567682
10982603.547613,163.727299740467,6110.90114826424,11961.8239389176,0.5,0.025,0.478,0,-307.716432436653
10996980.6656737,25.9835439516143,406.855304089065,3426.49547826713,0.536,0.039,0.341,0,-17.6129271792774
10976133.2108051,673.156838818569,2723.49541097748,21310.1369451324,1.03125,0.036,0.142,0,-21.6531568762638
10993398.0116681,1426.63374448698,3095.12864502891,2920.225942396,2.138,0.036,0.142,0,102.591040633699
10948591.6297673,18627.6952567072,17176.4112992008,16444.2636767545,3.1,0.072,0.134,0,2641.70349232179
1553694.39992914,105134.347138369,2240457.13797467,7101554.11495784,2.8,0.029,0.277,0,-104257.473445907
10975929.5518047,684.102083795825,2720.25422891466,21506.0918825653,1.05208333333333,0.036,0.142,0,-19.4565883574901
10989470.0079705,362.763612521941,2747.43089835735,8259.79751872343,1.6875,0.016,0.197,0,-82.8798765802357
10997916.9540971,670.748604616898,1302.69272352828,949.604574783099,2.502,0.036,0.142,0,56.733141968997
10999842.4955053,102.560015960707,379.940401666559,515.004077100945,2.84,0.044,0.423,0,-1.5726958321185
10750348.4715128,5499.32894498926,10510.7331185814,234481.466423548,1.5,0.083,0.204,0,473.266417244887
10872198.4984485,19799.8529979611,39204.051790317,69637.5967631316,1.19285714285714,0.083,0.204,0,1630.81511104531
10743426.4245175,6379.94167386915,11910.6833115144,239122.950497049,1.55208333333333,0.083,0.204,0,564.359924544633
10948373.4247335,9935.32260182317,19344.2500591996,23187.0026054989,2.04,0.069,0.229,0,836.52637966844
10989981.1323285,335.40764296106,2560.76764677653,7962.69238189205,1.73958333333333,0.016,0.197,0,-77.7694216944405
10955401.8180221,2696.11439831456,7592.04009426669,35150.027485377,1.5,0.036,0.142,0,96.8162610996807
10998528.464521,230.21237642323,1242.71714627151,838.60595633744,2.46,0.016,0.197,0,-24.8104215113734
10994302.2215566,96.0152175480938,2238.47795491358,4203.28527098143,0.53125,0.016,0.197,0,-105.964378473163
10862046.5224882,2393.10968966274,38286.5270212183,98113.8408008777,0.74,0.029,0.277,0,-1646.65262186867
1472800.90120405,21325.792933701,77163.8028648324,9429549.50299749,2.8,0.072,0.134,0,-184.752065710884
10065473.1959822,2804.7599619632,12353.7197375067,920208.324318347,0.5,0.083,0.204,0,-147.27059129409
10968675.8520847,404.342193148956,7410.10356450086,24349.702157622,0.5,0.044,0.423,0,-333.329113444258
10948673.8427527,800.457669591552,12262.9608144983,39102.7387631032,1.25,0.025,0.478,0,-527.621296736797
10998458.8494518,567.617126746191,1077.6703619754,735.863059508599,2.572,0.036,0.142,0,49.2389211265786
10876299.2160867,2061.94290907404,7941.9616549262,114536.879349294,0.927083333333333,0.0555555555555556,0.192307692307692,0,-44.3069058963068
10952475.4398094,2859.00153682322,8346.66167717292,37158.8969765813,1.42708333333333,0.036,0.142,0,85.846405742584
1779305.0795925,138430.774918571,395634.751691496,8687469.39379746,2.87,0.072,0.134,0,4599.21968184634
10507503.4711198,6275.08244474491,35391.6583113873,451669.788123995,0.520833333333333,0.0555555555555556,0.192307692307692,0,-759.011573079839
10117013.9631824,4818.36774734542,29763.7571172358,849243.91195279,0.5,0.069,0.229,0,-726.545499198969
10998936.3311928,94.9609742632179,775.343413895709,1033.36441910802,1.008,0.039,0.341,0,-24.8127391240525
10532346.5440803,10733.2073204522,48037.6242050109,409722.624394099,0.708333333333333,0.0555555555555556,0.192307692307692,0,-605.009749976149
10671477.6793845,16787.9776009005,29394.1393145136,283180.203700031,1.65625,0.083,0.204,0,1595.92182474414
1439464.66065388,8908.93978300949,32966.6353634201,9519499.76419978,2.8,0.072,0.134,0,-117.592497664752
10997081.5973927,30.7339026412502,493.620672101057,3234.04803258247,0.514,0.039,0.341,0,-21.5181989350215
10906731.5390422,2635.81414053016,18824.6834653587,72647.9633519387,1.38541666666667,0.044,0.423,0,-539.238876936006
10914391.712787,30290.1400762775,28439.2294374758,27718.9176992115,3.0125,0.072,0.134,0,4214.34716102826
10993668.3428004,708.348225333875,3374.47155089519,3088.83742339427,2.208,0.044,0.423,0,-51.120600024114
10843949.9297375,1988.82887123485,23355.8545124221,131545.386878903,0.791666666666667,0.044,0.423,0,-915.363703221137
10784987.010589,2518.36956919138,6256.60667734965,207078.013164414,1.04166666666667,0.083,0.204,0,137.505085518093
10976253.9336972,4989.86052211568,9635.52782955522,9960.67795111995,2.166,0.0555555555555556,0.192307692307692,0,424.33121946078
10958797.7172595,386.13086669505,3409.53014639141,38246.6217273194,1.125,0.044,0.423,0,-115.439050575605
10487220.1155463,32437.3603005227,66900.3834914598,414282.14066165,1.3125,0.083,0.204,0,2521.9810351173
3290935.58138673,314259.638173219,3242851.35677812,4152793.42366191,2.8,0.029,0.277,0,-119640.681200089
10996327.293793,10.8862845021554,94.7535206693622,4407.06640181639,0.86,0.039,0.341,0,-3.18228473102586
10966406.7358129,7945.08269117353,11595.3559584808,14892.8255374661,2.124,0.083,0.204,0,884.308863689243
10869585.1414848,2615.78399807706,44980.3181676927,83658.7563494709,0.5,0.029,0.277,0,-1965.70035769619
10999345.7999843,108.77640037598,701.134034576473,684.289580764325,1.344,0.039,0.341,0,-18.0222111956031
10996258.5011936,1.69155040048236,34.566524546287,4545.24073139928,0.4,0.039,0.341,0,-1.59526335191584
10982473.6418504,170.548799941988,3491.84294882747,14703.9664008532,0.53125,0.016,0.197,0,-161.136186066041
10999842.0782861,317.017502551366,452.802619589609,228.101591780094,2.94,0.036,0.142,0,35.790715322178
10823026.5125162,581.572822476632,10795.0100668516,166436.904594549,0.5,0.044,0.423,0,-487.765942238537
10832550.7204649,8179.38928820024,32340.1688827688,127769.721364041,0.5,0.083,0.204,0,-225.062813089771
10997084.3210392,319.176005919661,1962.03211119258,1474.47084375113,2.11,0.016,0.197,0,-47.6209629711517
6248848.42048189,132588.049837036,271816.354282534,4347587.17539857,1.94,0.072,0.134,0,10387.3816078719
10822795.3240803,569.350242425113,10568.4427170508,166906.882960257,0.5,0.044,0.423,0,-478.154622059333
10996298.4871947,5.2361225772898,83.2387345159949,4453.03794814551,0.486666666666667,0.039,0.341,0,-3.61792912714289
10988606.1595163,2765.76160622219,4823.69684790145,4644.3820295594,2.39,0.069,0.229,0,264.047417121074
10791886.3393707,2429.18103605832,8873.62070836898,197650.858884786,0.9375,0.069,0.229,0,-26.5139386721376
10953458.3362957,8544.64939502996,17722.4084943549,21114.605814879,1.956,0.0555555555555556,0.192307692307692,0,658.675729259634
10999793.5176809,107.208694587585,406.960587724347,532.313036771562,2.82,0.044,0.423,0,-1.74352663845808
10586737.4947429,15799.0554734305,56734.8253147977,341568.624468735,0.947916666666667,0.0555555555555556,0.192307692307692,0,-112.768700370623
10996663.8207762,9.66617489863106,168.631312268098,3997.88173667718,0.453333333333333,0.039,0.341,0,-7.51850583746653
7600877.7581853,505217.517517881,872154.992905391,2022589.73139143,1.43,0.072,0.134,0,48695.525955565
10996101.0108499,361.545950016729,2413.23942978712,1964.20377034407,1.914,0.016,0.197,0,-64.5806844744856
10927426.1553438,230.473785896464,8644.12181644419,64539.2490536984,0.5,0.025,0.478,0,-435.658786434955
10999975.0753219,105.67971993652,379.288838731771,379.956119396218,3.1275,0.029,0.277,0,32.6482942531244
10997006.6970026,27.0957063298323,428.570544336041,3377.63674673474,0.53,0.039,0.341,0,-18.5931973654499
10969007.8441097,421.716682461929,7726.65806517169,23683.7811426815,0.5,0.044,0.423,0,-347.870594992312
10795777.411539,2408.11817855489,9406.57994283055,193247.890339492,0.864583333333333,0.069,0.229,0,-60.981055582602
10919477.7183882,1020.9092933592,7068.03442912625,73273.3378893651,0.5,0.036,0.142,0,-196.447787156149
10996879.1203152,21.8571176752484,327.338217936334,3611.68434920723,0.562,0.039,0.341,0,-13.9676766158792
11000237.9897312,200.264763351978,254.108154562297,147.637350864558,2.072,0.039,0.341,0,24.4044809862143
10116395.5504539,15288.3386353632,53040.2012574202,816115.909653326,0.635416666666667,0.083,0.204,0,-5.6934254817458
10996515.3887243,4.40309947215285,47.6625505170713,4272.54562571214,0.805555555555556,0.039,0.341,0,-1.81841777763467
10848169.4389963,2179.73276581236,24178.2836842128,126312.544553762,0.84375,0.044,0.423,0,-924.056685722176
10859420.903645,2921.09361744771,8595.06423819965,129902.938499297,1.29166666666667,0.0555555555555556,0.192307692307692,0,84.5956793956226
10703966.6433679,16506.6483183983,46098.6201450886,234268.088168466,1.32291666666667,0.0555555555555556,0.192307692307692,0,613.852822564473
10972077.9626945,977.642153936579,3106.14913793223,24678.2460136687,1.375,0.036,0.142,0,15.5294913442899
10788449.7854079,2490.59190015449,8631.55397381095,201268.068717955,1.0,0.069,0.229,0,-0.788512920457041
10155281.1023935,22116.8279806758,67580.8350940782,755861.234531769,0.760416666666667,0.083,0.204,0,498.997596297631
10948556.8717058,3016.33844770105,9254.06625257479,40012.7235939603,1.33333333333333,0.036,0.142,0,65.8835485374495
10969354.0267663,439.954750747867,8056.60094664825,22989.4175362756,0.5,0.044,0.423,0,-362.620216418827
10978516.1024035,584.098165106003,3104.18887484856,18635.6105565347,0.760416666666667,0.036,0.142,0,-60.2996832823613
6900678.50123795,368387.145661498,832196.106383212,2899578.24671736,0.92,0.072,0.134,0,24615.9710736051
10982253.8918099,144.450330314744,3302.65586806632,15139.0019917394,0.5,0.016,0.197,0,-155.715435791573
10996703.2144363,13.4788321936317,205.652374545233,3917.65435695682,0.526666666666667,0.039,0.341,0,-8.84144427501146
10818075.2950795,7559.92151100085,17904.8688593245,157299.914550112,1.71875,0.0555555555555556,0.192307692307692,0,458.882319340533
10981484.4093594,140.863460356181,5032.09733703449,14182.6298431848,0.541666666666667,0.025,0.478,0,-252.62856939678
10850241.7346749,51502.3762638821,49453.1450306122,49642.7440306111,2.9125,0.072,0.134,0,7141.92040427857
10929474.9722316,2601.38945718086,11090.8103130593,57672.8279981987,0.854166666666667,0.036,0.142,0,-115.835426715024
10976469.8467066,1445.69183410048,10414.5952545087,12509.8662048405,1.25714285714286,0.044,0.423,0,-300.414997911067
10951973.0264798,663.901444284227,4664.53131108415,43538.5407648008,1.44791666666667,0.044,0.423,0,-131.882882556295
10947912.8503759,797.532863481039,12410.0114043581,39719.6053562249,1.22916666666667,0.025,0.478,0,-535.948113962315
10998768.2936782,81.6928739935258,774.759408730962,1215.25403906085,0.84,0.039,0.341,0,-27.335117542582
10996420.6407991,13.8993991952714,63.1427128135657,4342.31708889544,2.135,0.039,0.341,0,-0.831282234331166
10735858.2647528,14986.9504419468,39551.446040883,210443.33876425,1.42708333333333,0.0555555555555556,0.192307692307692,0,685.334968544182
3991313.5483047,393076.055243984,3216458.58345637,3399991.81299493,2.905,0.029,0.277,0,-103063.300525438
10707532.2208747,24509.6188851423,101360.218093103,167437.942147083,2.72,0.029,0.277,0,-907.948127161877
3012169.58854962,353421.292680596,630616.564465679,7004632.55430414,3.66,0.072,0.134,0,32924.3293759306
10997648.1226557,832.567891781337,1338.75140682938,1020.5580456755,2.68,0.069,0.229,0,86.0060047849195
10616754.3276994,22942.8342227728,42390.8459919873,318751.992085785,1.53125,0.083,0.204,0,2057.18418624186
10998853.0725992,206.318211468254,1071.46840599156,709.140783383007,2.558,0.016,0.197,0,-19.8759183031312
10998190.184664,207.967710141254,1643.48772585953,798.359899995217,2.572,0.025,0.478,0,-51.2661407443622
10864122.5952043,2179.79213226521,39819.0593170735,94718.5533463738,0.5,0.029,0.277,0,-1891.52365765554
10645577.3567398,17195.0397081539,40514.5454806238,297553.058071309,1.60416666666667,0.069,0.229,0,1055.72461196352
10996373.4665568,15.1358777879591,83.2774653801983,4368.12010003399,1.55,0.039,0.341,0,-1.71048813974296
10996556.9007079,4.78314907069864,62.8870720485643,4215.42907102182,0.655555555555556,0.039,0.341,0,-2.57851598133978
10987372.6749284,4860.43623307677,4369.38907106205,4237.49976743414,3.285,0.072,0.134,0,709.553880181307
10990617.873547,956.009459006792,4756.54471970349,4509.57227431504,2.096,0.044,0.423,0,-79.9785577535697
10181059.8260624,25492.4579638423,73635.7867014245,720651.929272333,0.822916666666667,0.083,0.204,0,810.473978485653
8458220.08535722,333969.582412672,1280256.54639184,928393.785838289,3.62666666666667,0.029,0.277,0,-6871.30458360053
10782268.5404088,2619.63607587168,6276.47939650693,209675.344118771,1.09375,0.083,0.204,0,154.151776254824
10184455.1197298,16897.4262460039,72451.8487092894,727035.605314758,0.739583333333333,0.069,0.229,0,-776.181606498833
10222009.4154658,29552.5673920924,79668.2988745767,669609.718267486,0.90625,0.083,0.204,0,1256.56475692586
10997154.2179078,38.8815120762916,556.17633618213,3090.72424392384,0.5,0.039,0.341,0,-23.4074202986588
7539071.12031018,417871.938087399,1763827.16505476,1280069.77654766,3.57333333333333,0.029,0.277,0,-17586.9610924695
10977376.2404107,617.669961576326,2829.42490552302,20016.6647222741,0.895833333333333,0.036,0.142,0,-38.5468869729176
10979992.3354394,577.458343304977,3864.8092968416,16405.3969205338,0.572916666666667,0.036,0.142,0,-103.662903048744
10302551.0004868,34110.664906004,83171.6381014249,581006.696505784,1.04166666666667,0.083,0.204,0,1938.59452312681
10971988.7481867,694.900548407813,10450.8672101112,17705.484054783,0.5,0.044,0.423,0,-447.361719438823
10062221.6289429,2090.41420026909,9211.02534412007,927316.931512713,0.5,0.083,0.204,0,-108.64122507109
10999646.8488614,142.399133210275,788.083589621871,262.668415745765,2.92,0.025,0.478,0,-16.4402708987249
10944552.1894884,3102.75659678412,10042.3885886859,43142.6653261264,1.23958333333333,0.036,0.142,0,38.6260851515314
10997184.9704567,535.310832647452,1876.90630704497,1242.81240366548,3.1875,0.029,0.277,0,5.5982630745685
10976722.8344903,644.393675365016,2753.60375920575,20719.1680750971,0.96875,0.036,0.142,0,-29.042845972134
10998114.1159264,259.082113744369,1455.69269849606,1011.10926137774,2.348,0.016,0.197,0,-31.0450782790059
10996677.1377238,293.03205572636,2461.7637023345,1408.06651813072,2.404,0.025,0.478,0,-80.4443076933368
10814622.9484779,4263.79807154246,17740.7891598526,164212.464290697,0.5,0.083,0.204,0,-166.35670618194
10868016.1408821,2361.1462896609,7754.30768311498,122708.405145041,1.125,0.0555555555555556,0.192307692307692,0,23.6579638204261
11000000.0,351.0,307.0,182.0,3.0,0.069,0.229,0,50.1179000836863
10983573.7929082,1579.53420712941,6363.94814733862,9322.7247374109,0.583333333333333,0.036,0.142,0,-50.0358973363533
8353189.5194777,344966.407395263,1336352.88095365,966331.192173406,3.62,0.029,0.277,0,-7925.61098721121
10978039.9710215,195.220715745491,3854.50940320477,18750.2988594576,0.989583333333333,0.025,0.478,0,-176.493595614904
10958345.0884964,8299.515042085,15853.3576510936,18342.0388104443,2.096,0.069,0.229,0,716.53877170711
10876702.5317322,2054.41964604821,7988.66805385379,114094.380567893,0.916666666666667,0.0555555555555556,0.192307692307692,0,-48.3823986407992
10993069.6221431,149.910116454118,1842.09772756702,5778.37001295805,1.05208333333333,0.016,0.197,0,-73.5041491464621
10920841.6325986,1262.16301492831,8210.84866366801,70525.3557228521,0.5,0.036,0.142,0,-213.53149167018
10998699.4661338,602.554335676546,750.205773778781,787.773756754538,2.72,0.083,0.204,0,74.5927007309132
10879321.4295005,5221.56060951537,49261.9122535606,67035.0976364359,0.86,0.029,0.277,0,-1775.25067495417
10959453.3983545,368.363492502123,3367.67796931436,37650.5601836676,1.08333333333333,0.044,0.423,0,-116.631373561818
9152001.0997385,441249.174938543,562675.084861927,844914.640461063,2.06,0.072,0.134,0,53591.7364781837
10983134.129584,242.228556990962,3815.85328814375,13647.78857096,0.71875,0.016,0.197,0,-165.475444027563
10807520.3162965,2668.06332072812,13376.2437166858,177275.376666035,0.645833333333333,0.069,0.229,0,-230.653492502731
10748742.2716017,5287.31264840855,13440.8067049849,233369.609044857,1.48958333333333,0.069,0.229,0,269.504194189335
10257417.15411,23942.1725806838,86967.8221623822,632512.851146705,0.916666666666667,0.069,0.229,0,-227.613105137248
10976381.8869865,231.302627271678,3928.16678920763,20298.6435969699,1.15625,0.025,0.478,0,-174.006239213082
10996300.0856903,5.460291077476,84.6907596900149,4449.76325888467,0.49,0.039,0.341,0,-3.652421425661
10925955.6258915,191.724997831889,7192.38296448854,67500.2661460822,0.5,0.025,0.478,0,-362.597703693903
10996691.0951774,12.3764988440836,195.412364683934,3941.11595909196,0.506666666666667,0.039,0.341,0,-8.46937657688051
10640074.8870163,17463.2498398066,55095.357311895,288206.505831854,1.125,0.0555555555555556,0.192307692307692,0,297.478743583714
10996509.406201,4.38998431458107,46.3292957755604,4279.87451894559,0.827777777777778,0.039,0.341,0,-1.73440083773819
10669948.3313566,14799.7391821818,33929.2622422354,282162.667218831,1.66666666666667,0.069,0.229,0,960.878109431751
10744900.6597747,6187.42830623749,11604.7561553626,238147.155763709,1.54166666666667,0.083,0.204,0,546.589965278507
10372544.7702164,35233.4355277673,80175.5607483154,512886.233507503,1.14583333333333,0.083,0.204,0,2321.02782237135
1436227.42648889,7702.22180162956,28564.9379717995,9528345.41373777,2.8,0.072,0.134,0,-114.881901790854
10839684.1584195,10434.7464998326,37435.1245361473,113285.970544427,0.5,0.083,0.204,0,-72.5467054435592
10966225.2022303,591.459513362562,6821.70191437922,27201.6363418944,1.73958333333333,0.025,0.478,0,-265.260021721294
10967342.4988399,334.8504877568,6138.25970051028,27024.3909718303,0.5,0.044,0.423,0,-276.482237788893
10924250.9950885,1961.56372255319,10052.0983699726,64575.3428190198,0.666666666666667,0.036,0.142,0,-181.308891412049
9941123.56222491,295591.987680445,336768.637533427,427355.812561237,2.32,0.072,0.134,0,38125.0639389938
10649870.750557,16793.3010447708,39379.1440962198,294796.804301889,1.61458333333333,0.069,0.229,0,1042.38243339792
6051939.24703089,168939.98710155,276274.83992037,4503685.92594722,2.51,0.072,0.134,0,17154.4867529337
10967470.9014718,1487.66308988179,4135.36451699798,27746.0709213025,1.625,0.036,0.142,0,56.3425520304437
10965816.1231341,298.025514365228,4829.04226248432,29896.8090890704,0.59375,0.044,0.423,0,-211.298090768301
10986711.6495933,389.613247317798,3627.23444097016,10111.5027184882,1.3125,0.016,0.197,0,-126.626858516013
1099852.93557571,46001.5735573741,1396166.97706388,8458818.51380306,2.8,0.029,0.277,0,-68722.880796737
10874530.3732459,2817.09347112145,24583.4114041242,98909.1218788964,1.10416666666667,0.044,0.423,0,-823.957148181203
10958456.929753,396.091564266343,3439.06165115487,38547.9170314781,1.14583333333333,0.044,0.423,0,-114.793673455235
10998529.0820631,61.7934583488082,712.902121084989,1536.22235747119,0.748,0.039,0.341,0,-27.7386140655669
10597659.1832398,21160.7399894554,52445.1351060351,329574.941664583,1.5,0.069,0.229,0,1154.68087262378
10767340.2992644,3598.07128661099,10064.6588912449,219836.970557552,1.3125,0.069,0.229,0,133.193534963152
10219443.5210103,20827.417702162,81450.2433044032,679118.817982976,0.833333333333333,0.069,0.229,0,-519.523939511799
10998119.3859501,290.951241844192,1255.75556664162,1173.90724147885,2.488,0.044,0.423,0,-14.1425572895939
10998612.0339966,64.5352342948999,740.569882456854,1422.86088666928,0.716,0.039,0.341,0,-28.7228487956571
10981846.8664199,821.072343183644,5408.86591349027,12763.1953234887,0.5,0.036,0.142,0,-142.71173578436
10977651.6781206,202.965285885267,3849.96135751462,19135.3952359583,1.03125,0.025,0.478,0,-174.680803965738
2444817.68172872,300416.678193286,615646.089350078,7639959.55072797,3.56666666666667,0.072,0.134,0,23595.3943773919
10998334.8263692,701.580753055809,880.71209507691,922.880782693245,2.68,0.083,0.204,0,86.57600003495
10680890.9373175,13618.3152747821,30871.9238793455,275458.823528246,1.69791666666667,0.069,0.229,0,903.32295312827
10996676.5782149,10.9764844097326,181.901439840666,3970.5438609107,0.48,0.039,0.341,0,-7.99609551245637
1822493.67479675,140935.382147517,2562787.37436147,6474623.56869427,2.8,0.029,0.277,0,-115277.183333183
10102590.8165177,2442.71458533031,15173.8611913906,880632.607705396,0.5,0.069,0.229,0,-372.276628410992
10913386.7628008,2482.96232363309,17060.9192046434,67909.3556709601,1.44791666666667,0.044,0.423,0,-470.853250669573
10822130.495308,534.208456868257,9916.84015984708,168258.456075313,0.5,0.044,0.423,0,-448.595771862548
10945323.5952512,9675.7494727001,20485.4734856408,25355.1817904304,1.9,0.0555555555555556,0.192307692307692,0,722.256585296666
10802598.7827066,2763.27760347173,9614.97410502928,185862.965584877,0.677083333333333,0.083,0.204,0,-3.37994258231835
10919080.3058852,14363.4368559029,29268.6239835193,38127.6332752949,1.914,0.069,0.229,0,1136.15849145982
10868713.3880891,2745.69753750315,25011.8187169635,104369.095656544,1.05208333333333,0.044,0.423,0,-861.92097525542
5460792.44229509,237904.189272483,365153.565210057,4936989.80322242,2.7,0.072,0.134,0,25453.4902600386
1232412.9302154,62794.9295000968,1693909.38720841,8011722.75307612,2.8,0.029,0.277,0,-81994.4875353183
1248065.44613305,64814.7421148764,1725822.28339657,7962137.52835552,2.8,0.029,0.277,0,-83378.9973076411
10999851.1500834,342.722925558788,414.156721164959,231.97026990058,2.96,0.069,0.229,0,43.2275015925575
10967904.2138015,364.106573415533,6674.12100678344,25897.5586182787,0.5,0.044,0.423,0,-300.682275946253
10976431.8163082,658.042941768057,2734.67627142047,21015.46447863,1.0,0.036,0.142,0,-25.4764702313378
10983362.9916037,261.498942936974,3875.46852017195,13340.0409332674,0.770833333333333,0.016,0.197,0,-165.002358237982
10505627.3947375,5824.71966491892,33870.179095543,455517.706501891,0.5,0.0555555555555556,0.192307692307692,0,-761.405417914814
10961377.9048313,710.922546589423,8652.03089041718,30099.1417316114,1.60416666666667,0.025,0.478,0,-343.915986205111
10971476.8479802,3540.11118848903,15216.049502915,10606.9913285074,2.46,0.029,0.277,0,-146.907607104397
1461574.69665069,17146.858269352,62506.9898627041,9459611.45521731,2.8,0.072,0.134,0,-178.325413279318
10976931.8748384,218.462192158311,3878.69292982307,19810.9700395229,1.10416666666667,0.025,0.478,0,-173.582260995589
10938319.0396486,1517.54375710475,8998.15375467546,52005.2628396079,1.73958333333333,0.044,0.423,0,-207.887726248413
10839523.6827417,7410.9067870146,39555.0500179416,114350.360453266,0.5,0.069,0.229,0,-773.054735282493
10999001.5197909,462.49365574497,847.305976291753,528.68057700791,2.68,0.036,0.142,0,41.8865953907622
10945218.0743756,1053.13379811094,6643.51023675605,47925.2815895062,1.63541666666667,0.044,0.423,0,-166.589385277804
10939363.7629866,690.461201896042,13273.282154004,47512.4936573772,0.979166666666667,0.025,0.478,0,-604.650645877752
10933940.9861063,1746.43072321984,10568.1278810458,54584.4552893919,1.67708333333333,0.044,0.423,0,-251.032391322415
10996399.4696681,15.1172691341663,72.5166946856724,4352.89636810766,1.875,0.039,0.341,0,-1.12084782809267
10804213.5493393,2871.89815139366,10378.1704770931,183376.382032204,0.645833333333333,0.083,0.204,0,-23.6092825238082
10996404.7747351,14.9386493403201,70.1727917230355,4350.11382378001,1.94,0.039,0.341,0,-1.02304246264211
10694233.3659354,12025.7249011145,27114.5989226129,267466.310240766,1.73958333333333,0.069,0.229,0,805.756619993662
2410083.78128079,295240.332969916,611381.039026922,7684134.84672243,3.56,0.072,0.134,0,22783.9473180054
10948998.3947804,3002.13747153648,9158.16869042834,39681.2990576556,1.34375,0.036,0.142,0,68.4483861343218
10865322.8403008,2687.63001662841,25148.8220591001,107680.7076235,1.02083333333333,0.044,0.423,0,-880.026973884391
10993947.2697794,109.907662286631,2004.97887402717,4777.84368434219,0.708333333333333,0.016,0.197,0,-90.2544495672796
10827153.2139418,809.367402731647,14827.914670922,158049.503984607,0.5,0.044,0.423,0,-668.365733615832
10996601.9614977,5.67723916634402,94.8716619846731,4137.48960118939,0.511111111111111,0.039,0.341,0,-4.18339275470798
1455342.34889051,14825.6290913478,54271.5186883618,9476400.50332985,2.8,0.072,0.134,0,-149.14871649001
10725543.2431532,8888.64004665254,15878.3457284798,250529.771071646,1.65625,0.083,0.204,0,827.937023638865
10995913.5602408,508.124825139391,2323.25115001755,2095.06378405803,2.32,0.044,0.423,0,-30.6837506807788
10697356.1312126,11609.4446342957,26248.9518915183,265625.472261482,1.75,0.069,0.229,0,773.339455531167
10913937.725154,17588.7234341059,27851.7615531373,41461.7898587128,1.83571428571429,0.083,0.204,0,1835.40113598724
10739901.7909002,6237.90534271063,15381.7424586755,239318.561298372,1.55208333333333,0.069,0.229,0,345.473433091678
10912303.0054409,2510.56167803668,17359.8156286164,68666.6172524395,1.4375,0.044,0.423,0,-481.366840130545
10109142.3714924,13680.3978160986,49175.071350802,828842.159340647,0.604166666666667,0.083,0.204,0,-101.002102048906
10987867.9309245,391.118796146205,3302.68669580379,9278.26358361599,1.46875,0.016,0.197,0,-108.211869281163
10924493.4333138,2000.42957721609,10134.1545371538,64211.9825717976,0.677083333333333,0.036,0.142,0,-178.294069758916
10834989.6048617,5395.38655355247,13513.5882787946,146941.42030589,1.59375,0.0555555555555556,0.192307692307692,0,286.673690774176
10999022.720996,194.4385262403,979.305991509244,643.534486267662,2.62,0.016,0.197,0,-16.9928809037571
10878148.9024966,4980.6539936805,49246.8091602361,68463.6343495124,0.8,0.029,0.277,0,-1812.10047994916
1542987.27415645,47369.6601061676,163839.669577842,9246643.39615959,2.8,0.072,0.134,0,-14.8460292720257
10991149.6818938,533.550559372938,5225.09246851094,3931.6750782935,2.026,0.025,0.478,0,-187.925918520443
10758459.5782771,4343.26322791605,11528.0283382045,226509.1301567,1.40625,0.069,0.229,0,194.079976907408
10939724.32201,11297.5694243328,22323.9519527818,27494.1566128813,1.998,0.069,0.229,0,932.238880471753
10905171.5217123,4699.13417239127,25742.2600548044,65227.084060401,0.5,0.0555555555555556,0.192307692307692,0,-526.075884997861
10985464.6117271,2103.84934262115,5968.05916947039,7303.47976094456,1.25714285714286,0.036,0.142,0,72.9116998600683
10988807.2783107,1656.73964689281,6332.09678643986,4043.88525600023,2.8625,0.029,0.277,0,11.6588975754974
10996524.3941831,4.44330893629543,50.038694212073,4261.12381371562,0.772222222222222,0.039,0.341,0,-1.91229902580566
10989246.4538512,369.770742353666,2830.1173848708,8393.65802161202,1.65625,0.016,0.197,0,-86.2233243428843
10927845.5072454,2440.14618609912,10901.0461634969,59653.3004050262,0.802083333333333,0.036,0.142,0,-136.519929417303
10983878.1755907,297.817809354223,3950.86617919406,12713.14042075,0.875,0.016,0.197,0,-162.242938963152
4328580.82545885,316162.214011553,521704.884785447,5834392.07574419,2.98,0.072,0.134,0,31786.8114949571
10988232.8844801,1133.88766238631,5804.60110650097,5668.62675095038,2.026,0.044,0.423,0,-104.380870519848
10953632.4840174,583.130432330332,4261.97367047858,42362.4118797365,1.38541666666667,0.044,0.423,0,-124.926756374795
10791321.8487539,2436.56502675749,8820.31734167672,198261.268877541,0.947916666666667,0.069,0.229,0,-21.4106028466931
10993334.3729878,736.713783203056,3528.2354397746,3240.67778920927,2.194,0.044,0.423,0,-54.6789937703517
10979752.4655796,572.536747421723,3701.17776277477,16813.8199102213,0.604166666666667,0.036,0.142,0,-95.3559027246517
10871678.6461198,2196.07806963906,7678.16956622082,119287.106244257,1.04166666666667,0.0555555555555556,0.192307692307692,0,-4.82874367694351
10257282.0635069,221014.613039202,239532.532031038,283010.791422908,2.46,0.072,0.134,0,29198.9223784349
10991611.3572772,1297.37984617048,4855.78992337969,3075.4729532486,2.9375,0.029,0.277,0,-19.3430183323651
10998092.9440133,401.106183716129,1384.92727220906,961.022530753765,3.2625,0.029,0.277,0,-40.1411791835588
10780562.2985631,2699.09741428254,6333.97070837934,211244.633314165,1.125,0.083,0.204,0,167.14493424846
10957403.2077453,2562.20845943481,7041.64824012187,33832.9355551409,1.55208333333333,0.036,0.142,0,101.675096285227
5631406.58485417,221044.726593344,337904.911505067,4810483.77704746,2.65,0.072,0.134,0,23740.7248966455
1217241.75894157,60843.7055471103,1662366.68387593,8060387.85163542,2.8,0.029,0.277,0,-80648.9160633998
10991798.0853297,216.486771603148,2014.02562402634,6811.40227476116,1.40625,0.016,0.197,0,-70.2857483859822
10721122.8991666,9549.72685977577,16916.9401300861,253250.433843526,1.67708333333333,0.083,0.204,0,895.589203688761
1651729.50437533,87768.4204142509,282265.028744682,8979077.04646577,2.8,0.072,0.134,0,1191.43972665646
10076545.1370808,5254.15898386653,23020.7529505953,896019.95098475,0.5,0.083,0.204,0,-268.296870436736
10775646.1126155,2989.8067034799,6659.77727630747,215544.303404719,1.20833333333333,0.083,0.204,0,204.996044841953
10494141.7366112,32098.6935471675,65825.7007760488,408773.86906557,1.32291666666667,0.083,0.204,0,2516.71621249178
10899766.2047529,2753.72235611716,20480.7564785729,77839.316412426,1.32291666666667,0.044,0.423,0,-608.196700411014
10996305.1103716,6.48723230571654,88.7933863983414,4439.60900964555,0.5,0.039,0.341,0,-3.68945305330453
10860946.3282675,2593.62423414516,25187.3258263284,112112.721672132,0.979166666666667,0.044,0.423,0,-900.05472669941
11000312.1252059,101.874519005542,155.416379976299,270.583895143163,3.0225,0.029,0.277,0,62.9037732833324
10986559.9452241,388.09823905396,3663.79267301354,10228.1638638175,1.29166666666667,0.016,0.197,0,-128.861798689996
1435104.10830066,89350.0755949373,2062886.44908302,7413499.3670214,2.8,0.029,0.277,0,-97373.2815017984
10920695.9537212,1230.86483511348,8094.33172761214,70818.8497160622,0.5,0.036,0.142,0,-213.006968790844
10981278.0341597,143.470078748324,4864.83298667806,14553.6627748608,0.572916666666667,0.025,0.478,0,-242.779533827536
10956391.2649045,466.333495304421,3711.81076837534,40270.5908317624,1.26041666666667,0.044,0.423,0,-116.858117246937
10857017.9236106,3439.03205320353,36842.5592998087,103540.485036387,1.14,0.029,0.277,0,-1379.30751754481
10847918.1589625,14833.9621537136,41224.2810308277,96863.5978528806,0.583333333333333,0.083,0.204,0,562.052778171591
10996527.3059975,300.91491479655,2541.17949342613,1470.5995942546,2.39,0.025,0.478,0,-83.0168798035501
10996566.6858662,4.94026868847269,68.2721287139589,4200.10173638347,0.622222222222222,0.039,0.341,0,-2.82900877572233
10819531.1876707,396.831940969187,7368.4278199434,173543.55256845,0.5,0.044,0.423,0,-332.725427218677
10995070.505984,1448.55788946507,2502.52716238579,1818.40896411401,2.544,0.0555555555555556,0.192307692307692,0,140.540963715111
10787623.7058255,11059.2087565296,26538.0075953611,175619.077822457,1.625,0.0555555555555556,0.192307692307692,0,652.655174988286
10744515.5409692,5732.12150168973,14348.5584838195,236243.779045214,1.52083333333333,0.069,0.229,0,305.00810671685
10538000.1888987,11490.8989976713,49779.776577918,401569.135525641,0.739583333333333,0.0555555555555556,0.192307692307692,0,-556.572331980238
10819692.3260981,405.348249979697,7526.44806805891,173215.877583961,0.5,0.044,0.423,0,-340.045109844409
10870791.8809262,2231.50333593911,7676.59479567242,120140.020942181,1.0625,0.0555555555555556,0.192307692307692,0,2.67486733560326
10992059.8981724,201.585008321417,1957.65775485445,6620.85906452732,1.34375,0.016,0.197,0,-70.0026291877765
10969532.6257667,449.456146742304,8226.72092096895,22631.1971655907,0.5,0.044,0.423,0,-370.446180597742
10976626.6268038,648.787320761898,2746.42001984714,20818.1658556281,0.979166666666667,0.036,0.142,0,-27.6465973864035
10996786.9303993,18.3689458141993,262.763444962678,3771.93720999908,0.59,0.039,0.341,0,-11.076509332159
10860157.110717,48269.6356459748,46213.302239275,46199.9513977357,2.925,0.072,0.134,0,6738.98238889304
10816236.2532474,3341.21728380083,19593.3244435112,161669.205025175,0.5,0.069,0.229,0,-445.427093085173
10996318.4493684,9.37798644313166,94.0472118181268,4418.12543336345,0.74,0.039,0.341,0,-3.42323872729923
10990257.2209955,315.769369706228,2465.09498845574,7801.91464643099,1.69791666666667,0.016,0.197,0,-76.1490768899357
10856232.3042698,3180.25686805958,9073.25862597007,132354.180236123,1.34375,0.0555555555555556,0.192307692307692,0,107.040196265206
10981631.557437,114.277188976599,2708.35286132628,16385.8125127746,0.5,0.016,0.197,0,-128.447111075963
10996497.4243356,4.39677627021833,44.1996047887659,4293.97928331637,0.872222222222222,0.039,0.341,0,-1.60061467564276
10996695.0143762,12.7394287219099,198.817692776663,3933.42850237686,0.513333333333333,0.039,0.341,0,-8.61068174743131
1438610.65275424,8590.60730821076,31807.3568816721,9521831.38305597,2.8,0.072,0.134,0,-102.604572621785
10996415.3714836,14.3488049602101,65.4551680118021,4344.82454339104,2.07,0.039,0.341,0,-0.859568189698103
5821449.38435804,200510.494423678,307729.482019277,4671150.63919904,2.59,0.072,0.134,0,21457.6995500255
10988563.1124098,383.839302827393,3074.15785375837,8818.89043370262,1.5625,0.016,0.197,0,-96.9522076092775
10993831.0084449,115.278410744382,1957.43358471617,4936.27955967421,0.760416666666667,0.016,0.197,0,-86.5926594365899
10866443.522591,2708.21051234677,25113.3650307385,106574.901866014,1.03125,0.044,0.423,0,-874.394829574797
10992138.7841494,1608.81922411704,3572.71580278777,3519.6808237698,2.068,0.036,0.142,0,110.81820677318
6330035.98304173,118615.863121414,284434.404055832,4267753.74978106,1.62,0.072,0.134,0,7008.50283998895
10999340.6283334,203.764367717694,716.204816315314,579.402482597731,3.225,0.029,0.277,0,26.2925865220702
10980546.0117857,4243.63960408697,8050.6982165068,7999.65039371995,2.222,0.0555555555555556,0.192307692307692,0,368.641562157648
10996527.4119069,4.46221029615626,50.9398596179502,4257.18602319649,0.761111111111111,0.039,0.341,0,-1.98020117498082
10990878.4342451,273.515878818938,2263.76426596392,7424.28561015275,1.59375,0.016,0.197,0,-73.1998990637512
10884211.7502363,20008.5688363187,36413.561933128,60206.11899417,1.38571428571429,0.083,0.204,0,1823.16918221395
10710524.1480703,16249.1622636279,44851.7665584117,229214.923107526,1.34375,0.0555555555555556,0.192307692307692,0,633.418517057657
10826219.7819714,752.872326756626,13920.9481911307,159946.397510825,0.5,0.044,0.423,0,-628.806439402487
10989953.8299499,2794.16775498191,3793.76629557999,4298.23599956687,2.376,0.083,0.204,0,325.166102191281
10990761.4096525,281.260306034399,2300.02878466292,7497.30125691089,1.61458333333333,0.016,0.197,0,-73.7149130000498
10972583.529037,5606.08381299318,10974.081190973,11676.305958957,2.124,0.0555555555555556,0.192307692307692,0,467.880735201521
10995544.6218343,350.437659429706,3055.40845323373,1889.53205300027,2.306,0.025,0.478,0,-102.369346513442
10983328.9660376,183.48346075639,6818.92451264458,10508.6259889811,0.5,0.025,0.478,0,-343.713346442824
10984200.9914619,1408.4340839516,7517.65384977104,7712.92060437352,1.928,0.044,0.423,0,-146.774185910994
10215143.7463088,20405.8757909161,80581.2626593881,684709.115240751,0.822916666666667,0.069,0.229,0,-551.130870375262
10766215.2386102,17113.2133296557,72529.5293835023,144982.018676674,2.63,0.029,0.277,0,-713.262930073914
10996673.2289646,10.6402439643653,178.558022120875,3977.57276927813,0.473333333333333,0.039,0.341,0,-7.86772880882645
10996270.4494499,2.62081314807387,51.5390549898579,4515.3906818863,0.406666666666667,0.039,0.341,0,-2.35613792386157
10958896.5830913,748.461199808839,9506.58611433017,31688.3695945073,1.53125,0.025,0.478,0,-384.036925602409
10187929.4832783,17343.6840688245,73569.0942137527,721997.738438939,0.75,0.069,0.229,0,-751.438742191867
10972510.40929,344.2280586103,4716.47648473317,23268.8861665815,1.44791666666667,0.025,0.478,0,-196.059049098758
10942724.7204613,10830.601450209,21295.1746252546,25989.5034631999,2.012,0.069,0.229,0,899.203280633833
6384758.0377652,109744.341535883,301761.479087637,4204576.14161131,1.38,0.072,0.134,0,4327.18953709715
10351098.9127955,35135.7621573104,81572.9407624499,533032.384284762,1.11458333333333,0.083,0.204,0,2223.9970348367
10985531.8347482,368.89593078369,3865.93941919672,11073.3299018937,1.14583333333333,0.016,0.197,0,-143.870439728332
10765977.279056,3782.3867582129,7807.90347076482,223272.430714949,1.34375,0.083,0.204,0,294.673916432747
10984058.9250276,1821.0324641185,6323.40132729522,8636.64118107655,0.833333333333333,0.036,0.142,0,-1.40164243201404
10996503.4231123,4.38784493471789,45.1791584557693,4287.00988428336,0.85,0.039,0.341,0,-1.65687796018999
10981750.3769687,802.316115314173,5330.7980833645,12956.508832697,0.5,0.036,0.142,0,-141.798602469913
10998876.9491864,90.9298398280925,778.150976425828,1093.96999733684,0.952,0.039,0.341,0,-25.7483026557287
10666117.8057736,15195.8023312384,34986.2419339447,284540.14996108,1.65625,0.069,0.229,0,978.140135280358
10108261.9887144,3370.87724388613,20921.8844980208,868285.249543494,0.5,0.069,0.229,0,-513.742285602472
10996051.490347,1004.3828869818,2058.29848978584,1725.82827624035,2.32,0.036,0.142,0,78.8535461122823
11000215.4817636,161.56105240394,304.38018900297,158.576994965884,2.044,0.039,0.341,0,14.1356871430992
10996253.2436575,1.32323905239342,27.043052251476,4558.3900511946,0.4,0.039,0.341,0,-1.24413092598147
10996774.9831636,17.9367801559062,254.953912887867,3792.12614339139,0.594,0.039,0.341,0,-10.7229784597509
10992415.7162035,486.527909376638,4621.08227145144,3316.6736157157,2.096,0.025,0.478,0,-163.029822456302
10933101.5278998,2867.5606264812,11224.7994333497,53646.1120403766,0.958333333333333,0.036,0.142,0,-72.1853889811104
10988365.0470537,4494.51630943084,4045.72667649965,3934.70996039061,3.2775,0.072,0.134,0,619.743054744612
10890176.7944669,2846.02997609349,22417.0148739849,85400.1606830409,1.23958333333333,0.044,0.423,0,-697.775727240142
10997924.1061037,66.3430938869455,607.217594098566,2242.33320836746,0.972,0.039,0.341,0,-20.9718079922661
10999741.4901882,112.742722422337,434.93639544297,550.830693985379,2.8,0.044,0.423,0,-2.33957770360475
10984645.13929,394.568454959923,7673.05576196339,8127.23649309744,0.833333333333333,0.025,0.478,0,-350.35946091362
1557669.52266899,52802.2849465254,180933.105052623,9209435.08733191,2.8,0.072,0.134,0,88.4868008372798
10860268.5289738,2751.25289082865,37509.4732441249,100310.744891237,0.9,0.029,0.277,0,-1641.66032352086
10934672.4830343,2949.32002556421,11186.3086010714,52031.8883390852,1.0,0.036,0.142,0,-54.2871436775419
10118964.3998848,5149.55898680265,31723.3754892096,845002.665638941,0.5,0.069,0.229,0,-770.933158806712
10755051.5233074,4660.72700512138,12167.5999873947,228960.149699995,1.4375,0.069,0.229,0,220.870491917826
10816527.1648943,62387.1066469464,60449.4968179294,61476.2316408554,2.875,0.072,0.134,0,8647.24684315459
10902453.6762479,4063.0226428728,23612.1566831584,70711.1444260409,0.5,0.0555555555555556,0.192307692307692,0,-531.195987186847
10841621.0664643,1869.36696596265,22759.7477880123,134589.818781765,0.760416666666667,0.044,0.423,0,-905.13617859912
10996828.1518264,1018.4980761203,1663.14111703853,1330.20898037786,2.62,0.069,0.229,0,103.594592821484
10781531.5637066,15212.0289041769,65094.2627512496,139002.144637974,2.6,0.029,0.277,0,-673.542588813678
10996702.1504613,891.840902367228,1797.47995986677,1448.52867650844,2.376,0.036,0.142,0,71.4497634600531
10729506.234476,21717.7687928332,90514.6344255725,159101.362305535,2.69,0.029,0.277,0,-839.044157927877
10999975.2454508,210.005091668633,320.389423367499,334.360034172443,2.94,0.083,0.204,0,21.8629743411467
10777560.648635,2866.28594284368,6507.28021135239,213905.785210748,1.17708333333333,0.083,0.204,0,190.190881688298
10821710.2295472,511.996209441491,9504.89007440092,169112.884168978,0.5,0.044,0.423,0,-429.839337079494
1931154.91021894,155253.166404134,2667339.15566368,6247092.76771325,2.8,0.029,0.277,0,-118322.076403677
10994711.4749992,117.51838011584,2623.31635221383,3387.69026853509,0.5,0.016,0.197,0,-123.144921633541
10862172.038842,15470.2286542961,45312.3447077644,77885.3877958866,1.0,0.069,0.229,0,457.661219038324
10996536.5389857,4.53560090803633,54.0071253725852,4244.91828801377,0.727777777777778,0.039,0.341,0,-2.1278543836717
10918640.3055966,903.777461288779,6335.20944911607,74960.7074930377,0.5,0.036,0.142,0,-178.002318612854
10999932.3223388,316.462454308181,393.608906403524,197.606300508808,2.98,0.036,0.142,0,38.9400938670724
10983078.2657876,176.327785077373,6574.5748096823,11010.8316176011,0.5,0.025,0.478,0,-331.236876061295
10746327.9072071,6003.51444526351,11312.3925996808,237196.185747874,1.53125,0.083,0.204,0,526.05112725637
10996666.8522918,9.9850206610322,171.92167031177,3991.24101721065,0.46,0.039,0.341,0,-7.62262479015196
10981061.3656099,4829.81535044184,6790.52923160299,8158.28980802231,2.25,0.083,0.204,0,551.788692737001
10983767.5555462,203.100713666321,7239.27773842977,9630.06600172233,0.5,0.025,0.478,0,-363.353042649318
10998549.8615331,62.1406650874327,719.710919384712,1508.28688240221,0.74,0.039,0.341,0,-28.0419332263973
1479402.6325192,23781.7388596998,85677.6761494246,9411977.95247175,2.8,0.072,0.134,0,-175.595224920958
10497626.2986602,4275.28034319804,26657.8294074837,472280.591589068,0.5,0.0555555555555556,0.192307692307692,0,-658.961728090719
10893798.8711568,2820.74261998209,21734.8887059874,82485.4975172001,1.27083333333333,0.044,0.423,0,-664.96606931481
10937979.0030656,3065.25171858393,10957.2816195308,48838.4635963007,1.08333333333333,0.036,0.142,0,-19.332980229439
10534181.2802939,10986.9645598502,48634.5410731255,407037.21407304,0.71875,0.0555555555555556,0.192307692307692,0,-588.855007497148
10787073.1367201,2463.2353952955,6309.92551683847,204993.702367748,1.0,0.083,0.204,0,123.116502874753
1688439.09466101,101745.242852732,317941.363005572,8892714.29948072,2.8,0.072,0.134,0,1933.16347362538
10617893.2454636,19598.3718460132,47574.0965554414,315774.286134813,1.54166666666667,0.069,0.229,0,1126.27632601134
1837145.23466808,160668.309952828,435211.353226165,8567815.10215295,3.01,0.072,0.134,0,6720.97736059623
10996606.10424,341.570969112657,2185.63895516163,1706.68583573906,2.012,0.016,0.197,0,-55.6694477469966
10979206.1738063,174.424403892971,3977.18330638017,17482.2184834149,0.854166666666667,0.025,0.478,0,-187.417416586048
10838757.8454122,1706.79078433491,21857.5195136065,138517.844289916,0.71875,0.044,0.423,0,-886.190941622274
10994207.7269966,412.311882611651,3737.3432647241,2482.6178560158,2.208,0.025,0.478,0,-128.198357946809
1788575.73226084,136439.983640577,2527392.5774687,6548431.70662989,2.8,0.029,0.277,0,-114177.488450767
10985135.4336424,5687.27217614325,5099.43595533052,4917.85822612629,3.3,0.072,0.134,0,805.473710703787
10944238.0719097,1115.96578779463,6962.21300533916,48523.749297149,1.65625,0.044,0.423,0,-172.124564939279
10874661.8680561,2099.51051897531,7794.39943017429,116284.221994686,0.96875,0.0555555555555556,0.192307692307692,0,-29.4302172904091
10994283.0916833,96.2136428897397,2221.72816352825,4238.96651029348,0.541666666666667,0.016,0.197,0,-104.913847089573
10998765.3816651,615.379083361585,1034.2507734179,424.988478155766,2.82,0.0555555555555556,0.192307692307692,0,60.8097812989211
10914617.4058201,6723.3250015188,40466.5499572106,39032.7192212424,1.61,0.029,0.277,0,-907.750248143165
1634669.74928631,115943.170808731,2348280.13035617,6901946.9495488,2.8,0.029,0.277,0,-108239.966100901
10931118.2326049,410.429812797684,11634.9509474471,57676.3866347745,0.645833333333333,0.025,0.478,0,-567.563897062528
10991922.7872959,505.344169830988,4858.23747178913,3553.63106253665,2.068,0.025,0.478,0,-173.082560432753
10828495.6611269,924.028021928204,16091.2759292997,155329.034921891,0.510416666666667,0.044,0.423,0,-716.090501367397
10135243.9135681,8533.29250783989,47131.7346134432,809931.059310453,0.53125,0.069,0.229,0,-976.730368211894
10973655.9108159,5627.39427148229,10365.0790136468,11191.6158989728,2.208,0.069,0.229,0,506.553884838177
10851968.028315,3562.63434969347,9812.8713048712,135496.466030326,1.40625,0.0555555555555556,0.192307692307692,0,139.167094462959
10968840.1109108,412.92948718354,7566.73596277727,24020.2236392602,0.5,0.044,0.423,0,-340.673359571539
10969450.2145589,1252.27591031802,3648.57951085698,26488.930019924,1.53125,0.036,0.142,0,38.2344116537364
10583716.5891322,26009.3549767779,49492.2236158704,341621.832275029,1.46875,0.083,0.204,0,2252.65460269869
10999394.8273068,136.151098996259,958.796051928551,350.225542285515,2.84,0.025,0.478,0,-27.0903958151175
10994058.129025,104.74090416504,2061.89712331831,4615.23294756434,0.65625,0.016,0.197,0,-94.4612991842722
10993693.9765023,1889.00747457442,2508.69154695188,2748.32447612124,2.46,0.083,0.204,0,223.803609701979
10838197.7559249,6908.98610041907,40161.686484492,115571.57149023,2.02,0.029,0.277,0,-963.57632746352
10942755.2582156,750.350042273171,13128.8942181704,44205.4975238812,1.08333333333333,0.025,0.478,0,-585.236427534049
10545572.6184801,45601.5027548829,182396.132672705,227269.746092308,2.87,0.029,0.277,0,-1353.77541663969
10977100.2688175,628.293567661364,2791.32988111715,20320.107733788,0.927083333333333,0.036,0.142,0,-34.341702734799
1574036.45416087,58856.8068468729,199578.185647038,9168368.55334526,2.8,0.072,0.134,0,238.233583522169
10925439.1094902,178.12120793891,6682.3655611467,68540.4037406508,0.5,0.025,0.478,0,-337.005713469326
10998770.5752812,173.540157788741,1319.0972017275,576.787359284212,2.68,0.025,0.478,0,-39.6168932669083
10864506.8440544,2562.85025268247,8003.52910516446,125766.776587643,1.19791666666667,0.0555555555555556,0.192307692307692,0,48.9176685388669
10125618.3717488,6354.89631592918,38327.0529235417,830539.679011501,0.5,0.069,0.229,0,-907.206337739811
10986635.6839059,388.894631421212,3645.73441000003,10169.6870527215,1.30208333333333,0.016,0.197,0,-127.754573709079
10989831.2122528,1915.81399370456,4424.22215360503,4668.75159991179,1.956,0.036,0.142,0,122.864019858759
10929334.4331024,308.003082936079,10475.8939678124,60721.6698467413,0.53125,0.025,0.478,0,-522.943956178298
9412267.1792708,214584.937728065,766809.281792718,607178.601208437,3.7,0.029,0.277,0,-1394.81376363464
10986315.5465805,2163.88170504027,5686.96726478137,6673.60444978799,1.45,0.036,0.142,0,100.269030405915
10803510.85186,2524.39357657287,11538.7971978657,183265.957365518,0.71875,0.069,0.229,0,-156.491035981562
10969648.8308234,1229.88507168588,3602.87567597364,26358.4084289617,1.52083333333333,0.036,0.142,0,36.3892137237924
10998255.6137749,62.2085540541432,643.66353748441,1878.51413358227,0.852,0.039,0.341,0,-23.8015054362351
10564843.49712,23363.7194436189,59818.4241566394,352814.359279604,1.4375,0.069,0.229,0,1170.62169708995
10814919.4359379,3169.19353162839,18457.5539142093,164293.816616173,0.520833333333333,0.069,0.229,0,-417.170402322747
10977038.1091432,216.081463223668,3871.71747652422,19714.0919169231,1.09375,0.025,0.478,0,-173.387622501183
10976824.4282057,220.902976528332,3886.63420599613,19908.0346117392,1.11458333333333,0.025,0.478,0,-173.483598705119
10757377.4754803,4673.64856408284,9200.71400452122,229588.161951015,1.4375,0.083,0.204,0,387.238913765322
10982044.0578275,862.850207252636,5564.95799627738,12368.1339690373,0.5,0.036,0.142,0,-143.206414364406
10973327.1462645,317.391795466741,4502.36413957331,22693.0978004295,1.39583333333333,0.025,0.478,0,-189.127180918164
10963409.2366232,303.345136513567,3722.70994756464,33404.708292733,0.791666666666667,0.044,0.423,0,-148.366295148672
10981655.2893171,784.736039017364,5252.95910076443,13147.0155431874,0.5,0.036,0.142,0,-141.00636021354
10977466.9969049,614.388096441175,2844.07020879296,19914.5447899312,0.885416666666667,0.036,0.142,0,-39.729023555339
10969799.9626228,442.878254797502,5543.54624718638,25053.6128751364,1.59375,0.025,0.478,0,-222.957255419264
9480913.01122582,203885.404100807,730570.365699924,585471.218973476,3.665,0.029,0.277,0,-1360.85334103255
10992405.06502,1193.23143787658,4435.5174516475,2806.18609057176,2.9625,0.029,0.277,0,-40.2498902641916
10965438.9763872,297.423004467435,4585.75941786204,30517.8411904598,0.625,0.044,0.423,0,-197.1017676913
10998723.9756561,733.663171850441,673.76006682985,708.601105237049,3.0975,0.072,0.134,0,109.558495042236
9666971.49438746,352655.302255261,418226.248271135,562986.95508618,2.22,0.072,0.134,0,44608.9754913891
10968882.8269354,479.193683737365,5854.76988143291,25623.2094994047,1.63541666666667,0.025,0.478,0,-233.041905744516
10996561.756613,4.85820569908162,65.4623634481824,4207.92281783439,0.638888888888889,0.039,0.341,0,-2.71473827642271
10995320.3152453,313.564127101657,2743.88128720832,2462.23934042675,1.19285714285714,0.016,0.197,0,-92.0959963170965
10990051.7788953,330.33487441239,2535.96692169217,7921.91930870125,1.72916666666667,0.016,0.197,0,-77.3810371963975
10990678.7354987,2621.50018804471,3546.02838358664,3993.73592965415,2.39,0.083,0.204,0,307.445686885983
10996784.6186333,1422.20224683215,1305.77826058077,1327.40085930028,3.165,0.072,0.134,0,198.463050916691
10886850.0490541,2098.61025228581,11053.2471149555,100838.09357862,0.645833333333333,0.0555555555555556,0.192307692307692,0,-210.321226110573
10982954.113575,3884.75862751777,6943.65793715836,7057.46986025731,2.306,0.069,0.229,0,361.092525895493
10993878.1681843,113.110430854133,1975.36275902247,4873.35862589993,0.739583333333333,0.016,0.197,0,-87.9572433797478
10950063.4744538,765.010056233254,5176.61233142017,44834.9031584884,1.51041666666667,0.044,0.423,0,-140.893931314355
10934948.3641761,569.823996106311,12882.5801327105,52439.2316950059,0.822916666666667,0.025,0.478,0,-605.885478506628
10983160.817219,178.601158647014,6655.11924887306,10845.4623734508,0.5,0.025,0.478,0,-335.164896574623
10892490.8668147,2465.55047564381,15057.814005995,90825.7687035939,0.5,0.0555555555555556,0.192307692307692,0,-362.150348617891
2789006.54301924,260267.543746302,3148597.5399397,4802968.37329475,2.8,0.029,0.277,0,-124895.208637433
7284203.59840145,436111.026901874,1894379.84585803,1386145.52883865,3.56,0.029,0.277,0,-21378.2604184114
10992530.7665889,176.360781833603,1879.68469945738,6253.18792982924,1.21875,0.016,0.197,0,-70.4502064227543
6348839.72458546,115495.905848663,289404.152595304,4247100.2169706,1.54,0.072,0.134,0,6126.16059839278
10999969.1226374,99.7673659949106,484.496112992279,286.613883663839,1.82,0.039,0.341,0,-7.72587971693416
10999663.2471219,368.675153927376,512.17328535622,295.904438745871,2.92,0.069,0.229,0,42.3326681649047
10980065.269689,2678.21263837451,10871.8964144502,7224.62125819724,2.64,0.029,0.277,0,-59.7376513813204
10998743.3820798,79.1744908169389,772.02465658534,1245.41877282152,0.812,0.039,0.341,0,-27.6618590447912
10939656.1511962,1425.94730113915,8523.31654216648,51234.584960488,1.73958333333333,0.044,0.423,0,-199.745257158781
10996634.2743905,6.65096206433833,131.212277100211,4067.86237037988,0.422222222222222,0.039,0.341,0,-6.02714787490705
10999365.2333314,179.279110258317,778.51972893714,516.96782936916,2.8,0.016,0.197,0,-8.7689739840633
10223844.9551867,21243.1832891776,82282.0242260722,673469.837297839,0.84375,0.069,0.229,0,-485.834697222058
3104404.73699715,356329.694852333,625964.246450671,6914141.32169987,3.67333333333333,0.072,0.134,0,33736.1037329239
10997654.0663026,287.977777141996,1685.95293557482,1212.00298473544,2.236,0.016,0.197,0,-38.2875520265606
10905887.5940506,4906.24928489775,26263.733715202,63782.4229492357,0.5,0.0555555555555556,0.192307692307692,0,-515.650921570081
10941362.2558073,728.775368155815,13225.3356042381,45523.6332202121,1.04166666666667,0.025,0.478,0,-594.440599335308
10833326.6604349,1340.37264131088,19459.6176821321,146713.349241716,0.625,0.044,0.423,0,-823.300158828429
985480.774657222,32104.6249141194,1093037.60884405,8890216.99158463,2.8,0.029,0.277,0,-54550.4591776168
10964151.3693146,1923.9463758916,5047.62635547646,29717.0579540389,1.75,0.036,0.142,0,89.6473491414068
1893746.48835844,150340.180669945,2632807.56710623,6323945.76386539,2.8,0.029,0.277,0,-117443.122400932
10996525.9017789,4.45241443110344,50.4821023955569,4259.16370429195,0.766666666666667,0.039,0.341,0,-1.95486032536197
10992655.4224123,477.136917159353,4504.83775761346,3202.60291289551,2.11,0.025,0.478,0,-158.688079825578
10233358.8006299,30444.5986986985,80743.6388195203,656292.961851838,0.927083333333333,0.083,0.204,0,1369.52981711984
10867534.3834586,2386.42431086057,7779.31367669217,123139.878553836,1.13541666666667,0.0555555555555556,0.192307692307692,0,26.8454813372963
10999792.8179454,321.00319727855,481.262716950564,244.91614030897,2.92,0.036,0.142,0,35.080231913844
6588793.3216553,138313.112172233,526471.395765604,3747262.17040688,0.5,0.072,0.134,0,-2633.23781144423
10964704.3580911,13009.4088532058,11851.689185491,11274.5438702158,3.1625,0.072,0.134,0,1859.41562618685
10999027.5047906,509.640984655108,785.134442967178,517.719781725023,2.82,0.069,0.229,0,54.6766167171694
10929474.7809803,317.03683874159,10589.8370332194,60458.3451476329,0.541666666666667,0.025,0.478,0,-527.133397569105
10996324.1916322,10.3657503767882,94.6816620944671,4410.76095534674,0.82,0.039,0.341,0,-3.27554302214956
10738268.7443252,6421.59153037848,15756.9122742255,240392.751870074,1.5625,0.069,0.229,0,359.214942586848
10659241.5132359,18291.6244611713,32432.6222764064,290874.240026495,1.625,0.083,0.204,0,1716.70743340413
10998653.2906574,68.4705749511223,753.663624001662,1364.57514361147,0.7,0.039,0.341,0,-28.6983093903341
10869861.5648908,2762.56243449461,24945.8832574056,103269.989417339,1.0625,0.044,0.423,0,-854.590299219188
10990611.9479633,552.258466654744,5476.59834692472,4199.19522318259,1.998,0.025,0.478,0,-198.313591002746
10983048.0850348,234.379178463088,3788.07843120978,13769.4573556047,0.697916666666667,0.016,0.197,0,-165.372481184462
10736584.5497325,6613.43497157334,16148.6197664749,241493.395529354,1.57291666666667,0.069,0.229,0,375.250873593312
10909668.4173609,6521.85161084071,28493.4685489732,56156.2624792035,0.5,0.0555555555555556,0.192307692307692,0,-328.850168342785
10067494.3837821,3249.07640236684,14305.7984657175,915790.741349805,0.5,0.083,0.204,0,-168.064501775496
10808108.0837054,2694.24968561895,13696.196678174,176341.469930738,0.635416666666667,0.069,0.229,0,-243.285411793929
10962756.4753508,308.961207354235,3568.64474933524,34205.9186925275,0.84375,0.044,0.423,0,-138.859805718221
10927319.4804379,227.656958434855,8538.82933928462,64754.0332642286,0.5,0.025,0.478,0,-430.553215270096
10368576.6229075,28274.3518116509,88200.2721830216,515788.753097607,1.11458333333333,0.069,0.229,0,536.560463694582
10925791.4811299,2190.68053563533,10504.3480062987,62353.4903281526,0.729166666666667,0.036,0.142,0,-162.234175545964
10984812.7267135,422.321826835988,7669.52506488599,7935.42639472873,0.916666666666667,0.025,0.478,0,-344.862781075993
10975616.5796114,701.91399725836,2721.62024104038,21799.8861503003,1.08333333333333,0.036,0.142,0,-16.1553260341359
10479216.4476493,27260.2696440804,75805.388846185,418557.893860291,1.29166666666667,0.069,0.229,0,1030.6844215333
10987325.7055819,392.566156596404,3464.35966997764,9657.36859156351,1.39583333333333,0.016,0.197,0,-116.951398934186
1635235.22618972,81580.7154847975,265515.835947969,9018508.22237756,2.8,0.072,0.134,0,937.436867809587
10848805.5316471,3869.54352269905,10422.0037656997,137742.921064363,1.44791666666667,0.0555555555555556,0.192307692307692,0,165.167318028058
10997000.8586485,838.837031409096,1676.81196106185,1323.49235902488,2.404,0.036,0.142,0,68.2307039023025
10080313.5664799,6113.35149464644,26619.7877759873,887793.29424946,0.5,0.083,0.204,0,-303.877530019429
10489277.2316713,2980.1453023697,18796.4942708614,489786.128755371,0.5,0.0555555555555556,0.192307692307692,0,-471.380708040631
10984783.1631037,343.836117085748,3950.7829644105,11762.2178148164,1.03125,0.016,0.197,0,-153.282015686729
10868492.048629,2336.96246673674,7732.7642108919,122278.22469335,1.11458333333333,0.0555555555555556,0.192307692307692,0,19.9623262672829
10838196.7093024,7079.50134256676,38519.8204881898,117043.968866793,0.5,0.069,0.229,0,-778.230208469206
10869427.2531443,2291.76463885085,7700.00642155289,121420.975795205,1.09375,0.0555555555555556,0.192307692307692,0,13.4329574216152
1057132.79532349,40735.3397089725,1288506.6197531,8614465.24521444,2.8,0.029,0.277,0,-63822.6523142429
10601566.4007834,16525.15911543,56989.3762894253,325759.063811616,1.0,0.0555555555555556,0.192307692307692,0,11.4773230815056
10595529.8688198,16256.5539119539,56962.9019188622,332090.675349214,0.979166666666667,0.0555555555555556,0.192307692307692,0,-38.0458304111379
10978321.3866159,189.872372453681,3867.98131053335,18460.7597010187,0.958333333333333,0.025,0.478,0,-178.521084749111
10856894.29388,3124.45615972533,8968.19865733935,131853.051302889,1.33333333333333,0.0555555555555556,0.192307692307692,0,102.114431739594
10884118.883644,2861.91215169973,23414.2022386197,90445.0019656619,1.1875,0.044,0.423,0,-750.945628371466
10825862.1275192,6530.79675944373,15821.9347472838,152625.140973969,1.66666666666667,0.0555555555555556,0.192307692307692,0,377.711777748833
10907167.7545294,15862.5855388523,33218.4791189754,44591.1808127391,1.77142857142857,0.069,0.229,0,1205.31122691779
10600689.8441796,24491.3771745453,45914.2622514,329744.516394381,1.5,0.083,0.204,0,2159.04026058303
10983900.6391375,2253.5526320096,8890.31312517229,5795.49510542086,2.74,0.029,0.277,0,-55.421124810944
5851606.23516227,196986.532763362,303085.090951937,4649162.14112247,2.58,0.072,0.134,0,21069.4414953645
10959258.0537121,743.600336655435,9386.13682619943,31452.2091249747,1.54166666666667,0.025,0.478,0,-378.160016495308
6478585.22908326,478677.663944311,2293139.04252142,1750438.06445101,3.52,0.029,0.277,0,-35368.8298876413
10093992.6902667,9774.75613500674,38983.6314225263,858088.922175705,0.520833333333333,0.083,0.204,0,-286.013593643372
10897392.9413497,2784.13954191792,20998.3755541014,79664.5435543125,1.30208333333333,0.044,0.423,0,-630.551765663963
10993901.4193486,112.036092294929,1984.86728873242,4841.67727047329,0.729166666666667,0.016,0.197,0,-88.7274768849695
10981697.198597,116.964234011086,2771.53621479964,16254.3009542477,0.5,0.016,0.197,0,-131.456613601079
10929892.4825622,14878.9881811582,23036.6016693885,33031.9275872321,1.942,0.083,0.204,0,1581.5803128875
10115184.5093094,4512.03687110296,27920.6308398098,853222.822979439,0.5,0.069,0.229,0,-683.49949624108
10984828.8981059,1367.65399159349,7255.51607743252,7387.93182501982,1.942,0.044,0.423,0,-140.169507657319
8573211.2953143,507772.759107283,708314.298332706,1211541.64724572,1.85,0.072,0.134,0,58294.9210661605
10940411.6412684,21445.9793684531,19874.826350789,19107.5530123477,3.075,0.072,0.134,0,3020.19408595051
6478696.53030458,98789.5495623731,360611.97952718,4062741.94060589,0.9,0.072,0.134,0,-1035.73575857009
10987715.2406231,1793.47941179745,6903.76072230075,4427.51924289619,2.8375,0.029,0.277,0,-26.4796218142947
10980150.9052624,583.705491096693,3982.45358457517,16122.9356619848,0.552083333333333,0.036,0.142,0,-108.9672229491
10933686.273225,524.198167616015,12597.0553548987,54032.4732523377,0.770833333333333,0.025,0.478,0,-599.128454610483
10968830.3799807,1323.66567175342,3795.19185357081,26890.7624939755,1.5625,0.036,0.142,0,43.5678273577758
10999740.9316852,326.908461241867,509.411063463351,262.748790093602,2.9,0.036,0.142,0,34.5830847787099
10853763.3052194,2388.65586268244,24855.7192583064,119832.319659629,0.90625,0.044,0.423,0,-921.38814391116
10805879.8112639,3001.76980748461,11274.8554836099,180683.563444921,0.614583333333333,0.083,0.204,0,-48.8753108703161
10858180.9741362,3018.9450438451,8772.44657473759,130867.634245169,1.3125,0.0555555555555556,0.192307692307692,0,92.9983793253429
10930719.2216394,1890.81338503706,11687.6900975704,56542.2748779874,1.63541666666667,0.044,0.423,0,-285.62461014088
10830896.2606491,1144.54170937152,17967.3117340578,150831.885907525,0.572916666666667,0.044,0.423,0,-778.135742800423
10527139.9336732,9968.10752553329,46157.9255651639,417574.033235994,0.677083333333333,0.0555555555555556,0.192307692307692,0,-648.107000981772
10926136.4200795,196.486688288371,7370.89070628355,67136.2025258456,0.5,0.025,0.478,0,-371.721531190344
10990056.5425187,570.818763276206,5733.21854457823,4479.42017344046,1.97,0.025,0.478,0,-208.848698195364
10919998.7473189,1102.1679693896,7515.54413094488,72223.5405807501,0.5,0.036,0.142,0,-205.780287766866
1001852.64636009,34052.2942654515,1139452.48373525,8825482.57563923,2.8,0.029,0.277,0,-56722.8114890224
10999869.4950264,151.653368848623,775.201629039699,43.6499756749366,2.98,0.0555555555555556,0.192307692307692,0,-14.1903341803398
10960328.9758515,727.987088901407,9021.13166105322,30761.9053985151,1.57291666666667,0.025,0.478,0,-361.057489823421
10970764.6480258,1108.80252468737,3359.12884390668,25607.4206056489,1.45833333333333,0.036,0.142,0,26.782402412477
10794481.2798777,10388.8162449459,24612.4503605024,171357.453516771,1.65625,0.0555555555555556,0.192307692307692,0,630.684059979072
10903111.0417354,4199.99116769102,24144.3780974391,69384.5889994468,0.5,0.0555555555555556,0.192307692307692,0,-533.1178026132
10996518.3844561,4.41376182757569,48.4023600587652,4268.79942199963,0.794444444444445,0.039,0.341,0,-1.84914868105622
10761446.3952012,4233.59149381799,8507.9147281091,226652.098576797,1.39583333333333,0.083,0.204,0,342.141618615189
9355047.29530931,409216.748671793,507190.712731307,729385.243287607,2.12,0.072,0.134,0,50526.9488104501
10968395.8950614,1375.01252438731,3901.29794166457,27167.7944724992,1.58333333333333,0.036,0.142,0,47.8014712179163
10989323.7754255,2614.78450199985,4736.6797797483,4164.76029272153,2.376,0.0555555555555556,0.192307692307692,0,239.539610164569
10789101.5861919,2429.65082032895,6427.6614412014,202881.101546484,0.958333333333333,0.083,0.204,0,110.439732575358
10996210.8832798,674.700741759586,2402.73991686696,1551.67606163346,3.125,0.029,0.277,0,2.49371288101893
10899896.5686244,6599.64662119867,45331.3562580706,49012.4284963107,1.37,0.029,0.277,0,-1293.60546551516
10987094.3465748,392.039887842413,3528.4050511572,9825.20848625717,1.36458333333333,0.016,0.197,0,-120.640184675204
10883351.8033841,2031.48832049362,9506.11555317017,105950.592742222,0.739583333333333,0.0555555555555556,0.192307692307692,0,-138.073287912674
10868944.8919389,2541.96379017618,44398.3880897085,84954.7561812716,0.5,0.029,0.277,0,-2023.11410620273
10958106.6085739,406.832608068028,3474.48931510584,38852.0695029019,1.16666666666667,0.044,0.423,0,-114.888750306249
10966723.2882495,1581.79398157496,4331.79042262488,28203.1273462645,1.65625,0.036,0.142,0,63.6719472068696
10997972.4597866,220.79595594685,1763.24226960621,883.501987812119,2.544,0.025,0.478,0,-55.6098362407748
10993130.9865656,147.042703460966,1842.55206338416,5719.41866767205,1.03125,0.016,0.197,0,-74.1658621836725
10781706.7707224,2644.49187582078,6291.83451138142,210196.902890328,1.10416666666667,0.083,0.204,0,158.424728814151
10973782.2410746,6408.14210316676,9195.40347205771,11454.213350195,2.18,0.083,0.204,0,720.812430136432
10994177.9627168,1601.01000321863,2695.65875387561,2365.36852605813,2.516,0.069,0.229,0,157.583487790695
5203527.65670911,261080.772422866,405182.850506326,5131048.72036176,2.77,0.072,0.134,0,27683.5736503719
10996632.1238269,6.55102872506324,128.400569224458,4072.92457514802,0.427777777777778,0.039,0.341,0,-5.8803246431785
10954422.3541094,791.656175402487,10876.1348381689,34749.8548769783,1.40625,0.025,0.478,0,-451.731601695112
4547087.10122789,306351.439341846,496333.019367039,5651068.44006326,2.93,0.072,0.134,0,31341.5439049977
10997091.5580012,31.3578095136155,502.459286582812,3214.62490272705,0.512,0.039,0.341,0,-21.8921976737305
10583881.4434289,15632.7139466583,56608.6720222411,344717.170602118,0.9375,0.0555555555555556,0.192307692307692,0,-139.020997087454
10908065.6745472,32416.3119370288,30517.4663737238,29840.5471420077,3.0,0.072,0.134,0,4511.89817219754
10881031.7730024,2017.69986332241,8795.75164069895,108994.775493566,0.802083333333333,0.0555555555555556,0.192307692307692,0,-100.286033365064
10997470.1049206,298.59754112723,1776.21041045136,1295.08712785046,2.194,0.016,0.197,0,-41.2246689511319
10981787.1086506,120.672848561275,2858.05037075171,16074.1681301823,0.5,0.016,0.197,0,-135.504569272281
10938594.6430173,6010.71982826435,30643.041368054,25591.5957864412,2.0,0.029,0.277,0,-597.463576819452
10994163.6363178,100.022120515494,2128.66440004767,4447.67716174228,0.604166666666667,0.016,0.197,0,-98.9988632803627
10106365.2743585,3060.23932811646,19000.453993837,872414.032319319,0.5,0.069,0.229,0,-466.86873195996
10824259.0352868,646.811292799081,12002.6503979352,163931.503022561,0.5,0.044,0.423,0,-542.596532076061
10997582.3987746,1136.4660913939,1046.74754056311,1074.38759347676,3.1425,0.072,0.134,0,151.191843229258
10979290.5931515,173.050477245553,3993.77260445175,17382.5837667268,0.84375,0.025,0.478,0,-188.475852289397
10981944.7603033,841.181307551235,5486.98857383514,12567.0698153857,0.5,0.036,0.142,0,-143.064143651795
10923562.2233026,2170.86731012943,14040.0704553101,61066.8389319416,1.55208333333333,0.044,0.423,0,-362.528690551357
10988409.2990856,385.986706903211,3126.60927977979,8918.10492781973,1.54166666666667,0.016,0.197,0,-99.4384008263085
10994470.6540064,101.841661267529,2397.89833004254,3869.60600233802,0.5,0.016,0.197,0,-113.685531646832
10996254.5520504,1.41486071167094,28.9153842427509,4555.11770457519,0.4,0.039,0.341,0,-1.34465799621719
10998423.7755264,703.436508875692,1165.754989169,547.032975514101,2.78,0.0555555555555556,0.192307692307692,0,70.1746863724562
6367078.03604354,112533.751298566,295167.711427269,4226060.50123065,1.46,0.072,0.134,0,5241.31508275613
10792237.8329017,10612.8613990557,25246.9063357486,172742.399363421,1.64583333333333,0.0555555555555556,0.192307692307692,0,638.466850367655
10542018.3627828,11988.1825371422,50855.8512990534,395977.603380929,0.760416666666667,0.0555555555555556,0.192307692307692,0,-519.823146758409
10795507.7716931,2463.33884405751,7331.9629394662,195536.926523264,0.822916666666667,0.083,0.204,0,66.0919513306444
10850896.7793863,2287.44782737497,24560.966878689,123094.805907672,0.875,0.044,0.423,0,-924.395909817409
10706100.4550819,10424.1292349588,23871.8942453711,260443.521437633,1.71875,0.069,0.229,0,678.250141877901
10993279.252952,140.211309414778,1848.71980637636,5571.81593224879,0.979166666666667,0.016,0.197,0,-75.7460194079964
10998588.4224646,184.553923708305,1421.7378674893,645.28574422352,2.64,0.025,0.478,0,-43.8600757479038
10972544.7758587,3438.72312881959,14683.015613407,10173.4853991197,2.48,0.029,0.277,0,-129.538859100976
10116084.5773081,4662.32765584952,28827.935514212,851265.159521616,0.5,0.069,0.229,0,-704.617779319873
10996271.278812,2.69831234925571,52.6640985444659,4513.35877710346,0.41,0.039,0.341,0,-2.40982701973336
10991595.9679313,1684.07323779876,3775.772928699,3784.18590226722,2.04,0.036,0.142,0,114.235452436498
10863976.893931,2596.71050381836,8053.60474784284,126212.790817247,1.20833333333333,0.0555555555555556,0.192307692307692,0,52.3350076445742
10965941.9056738,298.379191580835,4917.31214996438,29682.4029846254,0.583333333333333,0.044,0.423,0,-216.32846520809
10981927.2619699,126.60831026419,2992.75275559715,15793.3769643317,0.5,0.016,0.197,0,-141.98073691984
10663634.3151269,17449.1545960459,52504.2349994085,267252.29527752,1.19791666666667,0.0555555555555556,0.192307692307692,0,438.271628440723
10928144.9888985,1997.65089929131,12555.2809028317,58142.0792993935,1.60416666666667,0.044,0.423,0,-313.43908091738
10996972.2207643,25.6287625582152,399.923297639167,3442.22717555437,0.538,0.039,0.341,0,-17.2843745100043
10935883.3306725,22997.6774658939,21367.3242036114,20591.6676579879,3.0625,0.072,0.134,0,3247.81784931097
10855557.2515917,3238.18628149227,9183.27911944085,132861.283007298,1.35416666666667,0.0555555555555556,0.192307692307692,0,113.325446350023
10930753.9472306,391.432453189374,11441.2922722855,58253.3280437899,0.625,0.025,0.478,0,-560.333726774383
10961675.7634556,322.688434983496,3410.32376522451,35431.2243442093,0.927083333333333,0.044,0.423,0,-127.471847906241
9024166.18941562,268254.316149795,975456.820423114,732962.674011483,3.66666666666667,0.029,0.277,0,-2633.42400776354
10962177.7009133,2155.96361851796,5636.62894444481,30869.706523733,1.6875,0.036,0.142,0,101.340900542167
10997354.4681491,510.656537863555,1785.15269153172,1189.72262149575,3.2,0.029,0.277,0,38.8954296232186
10988944.8281356,377.03020098125,2939.83806167359,8578.30360184059,1.61458333333333,0.016,0.197,0,-90.9122903842823
10996580.8015766,444.939113702895,2004.40155279713,1809.85775685291,2.362,0.044,0.423,0,-25.9085176610065
10520883.6116567,8949.11022350023,43471.0147222735,427536.263397392,0.635416666666667,0.0555555555555556,0.192307692307692,0,-694.219335977163
10941021.2120237,722.868357107678,13241.444920818,45854.4746982819,1.03125,0.025,0.478,0,-596.583852576815
1708815.82286395,109684.172224128,336756.996581386,8845583.00833057,2.8,0.072,0.134,0,2426.37624960555
10926321.7044622,201.366669271912,7553.82557697755,66763.1032914223,0.5,0.025,0.478,0,-381.104322626406
10997610.006878,72.9269568447229,607.912740493578,2549.15342470365,1.076,0.039,0.341,0,-19.7336599689298
10974497.4923683,775.042408492762,2779.8055377548,22787.6596854443,1.1875,0.036,0.142,0,-5.26629268263253
6694378.84548628,219545.329260982,689435.741094815,3397480.08415795,0.5,0.072,0.134,0,3935.01336710456
10801027.1939114,2672.39263227536,8966.27846258337,188174.134993687,0.708333333333333,0.083,0.204,0,17.6059024865314
10999615.3093355,314.210552029298,780.94723974515,129.532872738372,2.94,0.0555555555555556,0.192307692307692,0,16.6943296415171
10909707.5502531,18170.1293543993,29135.6365520662,43826.6838404039,1.77142857142857,0.083,0.204,0,1874.54662759156
10827749.4963975,8732.62529418181,43924.590710844,120433.287597456,2.34,0.029,0.277,0,-788.237396270732
10995888.4377034,333.525906044066,2876.7788680044,1741.2575224988,2.334,0.025,0.478,0,-95.3027927386844
10999042.6375048,250.850173423422,875.137792327755,671.374529523681,3.255,0.029,0.277,0,-60.0797207805303
10980406.8168971,156.090258816195,4347.29696036779,15929.7958836284,0.697916666666667,0.025,0.478,0,-211.496279658299
10971268.5098594,5822.30585241494,11450.0557222313,12299.1285659443,2.11,0.0555555555555556,0.192307692307692,0,483.422203541509
9874558.17603269,142283.165996088,524617.170294099,459381.487677148,3.42,0.029,0.277,0,-1702.91254233827
2189313.89395642,256855.924046291,571720.303756496,7982949.87824083,3.51333333333333,0.072,0.134,0,17606.7148020977
10872181.8159453,2792.44388302989,24784.1625403871,101081.577631394,1.08333333333333,0.044,0.423,0,-839.895415150174
10995429.8544099,331.1147516657,2703.97911745328,2375.05172099678,1.32142857142857,0.016,0.197,0,-86.5907096189572
10970347.7631549,6223.45850428692,11565.2075494493,12703.570791381,2.18,0.069,0.229,0,553.477579237431
10996513.892326,4.39879432547153,47.3113035687461,4274.39757611795,0.811111111111111,0.039,0.341,0,-1.76442700619572
4844202.76146665,288577.210093703,457472.825880411,5410587.20255928,2.86,0.072,0.134,0,30072.0747904196
10988291.0266193,621.476719413604,6528.83272131889,5398.66393999538,1.83571428571429,0.025,0.478,0,-243.203225443214
10144003.756678,20387.4112470402,64179.0992191417,772269.732855813,0.729166666666667,0.083,0.204,0,355.230205481302
10985461.2829969,366.964269194853,3876.48272262148,11135.2700113401,1.13541666666667,0.016,0.197,0,-144.797319308288
10813223.5704945,3981.75556011364,16575.0776847814,167059.596260539,0.5,0.083,0.204,0,-153.471841222232
10923558.0649519,1843.88399202053,9790.98436436394,65647.0666917554,0.635416666666667,0.036,0.142,0,-189.265355914362
10939688.5981628,697.310508798681,13273.438491658,47180.6528365972,0.989583333333333,0.025,0.478,0,-603.35117364851
10996495.9203957,4.40075677556659,43.9800923208208,4295.69875517578,0.877777777777778,0.039,0.341,0,-1.60825136961652
10496247.561419,4052.97433319702,25369.026236745,475170.43801101,0.5,0.0555555555555556,0.192307692307692,0,-629.647245608704
10996292.4754392,4.58283415686765,77.3762308858532,4465.56549575586,0.473333333333333,0.039,0.341,0,-3.41425152566979
10983459.9781338,269.030458025859,3895.28881421494,13215.7025939469,0.791666666666667,0.016,0.197,0,-164.635123756322
10994411.7046018,403.251359682067,3634.5714461979,2390.47259227294,2.222,0.025,0.478,0,-124.308478947803
10943110.234329,755.211915819628,13096.8849800114,43877.668775064,1.09375,0.025,0.478,0,-582.37584280913
10944998.1400142,3097.00061823298,9962.28435362739,42782.5750139078,1.25,0.036,0.142,0,41.9167089399013
10982561.2382049,1004.75298141155,5941.98152772292,11332.027285992,0.5,0.036,0.142,0,-136.905519773827
10727632.355701,8581.20085202955,15394.3326005336,249232.110846381,1.64583333333333,0.083,0.204,0,795.61668790381
10803030.8383142,9483.73768383925,22162.3714486176,166163.052553218,1.69791666666667,0.0555555555555556,0.192307692307692,0,592.424465148493
10990883.0360699,542.919117843492,5350.18162238182,4063.86318988188,2.012,0.025,0.478,0,-192.782655898191
10148340.2529144,11244.1375285004,56299.9080594519,784955.701497469,0.604166666666667,0.069,0.229,0,-965.248675950663
10921451.4061859,1410.05248122063,8668.74149427277,69309.799838687,0.520833333333333,0.036,0.142,0,-210.412503373753
10992602.7169413,1961.49910477766,3469.51924067267,2806.26471325304,2.46,0.0555555555555556,0.192307692307692,0,184.160418984198
11000202.0,74.0,306.0,258.0,3.0,0.083,0.204,0,-1.1174328723166
10911208.5452339,2537.35794827741,17657.1009987885,69436.9958190795,1.42708333333333,0.044,0.423,0,-493.217130449261
10996643.0598466,7.33081800820232,143.133543007997,4046.47579245166,0.4,0.039,0.341,0,-6.55251421360448
10547234.3305041,28874.1075573493,56672.0026046222,368059.55933382,1.40625,0.083,0.204,0,2404.85112111346
10992674.1164133,169.082922234696,1863.36532236795,6133.43534211086,1.17708333333333,0.016,0.197,0,-71.0291491460512
10842282.77433,8223.14283215711,41583.315819126,108750.767018658,0.5,0.069,0.229,0,-729.14741801382
10994649.2311006,112.024547123392,2566.49654377701,3512.24780849447,0.5,0.016,0.197,0,-121.045864951041
10790754.4169608,2445.07102089998,8772.32714523035,198868.184872933,0.958333333333333,0.069,0.229,0,-16.4658420743634
11000334.4838427,146.766211060729,95.580768931713,263.169177262255,3.0075,0.029,0.277,0,41.3379939449971
10938724.6403979,676.244501247588,13263.1559673956,48175.9591333306,0.958333333333333,0.025,0.478,0,-606.547920433138
10550648.7228716,12953.734448608,52780.9761752767,384456.566504428,0.802083333333333,0.0555555555555556,0.192307692307692,0,-441.927516039989
10990453.4080345,302.126936996579,2399.27566618192,7685.18936239609,1.66666666666667,0.016,0.197,0,-75.1599028649725
10993506.5119337,1775.95907283063,3116.87724909601,2440.65174437956,2.488,0.0555555555555556,0.192307692307692,0,168.163369956802
10951741.5297332,802.422873458865,11580.0086283718,36716.0387649087,1.33333333333333,0.025,0.478,0,-488.933832106066
10997593.4248163,291.536792268755,1715.82150883192,1239.21688264603,2.222,0.016,0.197,0,-39.2587265428552
10514562.6143273,30989.7207117915,62492.5575917414,392795.107369146,1.35416666666667,0.083,0.204,0,2487.44982067221
10996627.2077002,615.560586352558,2178.31068396925,1418.92102946611,3.15,0.029,0.277,0,-41.0685868476628
10996289.6928996,4.32828599651393,74.490838594764,4471.48797579858,0.466666666666667,0.039,0.341,0,-3.31008278700608
10990797.4926223,2316.25686132919,3991.92922984763,3734.32128651576,2.432,0.069,0.229,0,224.236537733109
10996570.016282,4.99894178078774,70.2860478322886,4194.69872840188,0.611111111111111,0.039,0.341,0,-2.93754587011649
10985391.1905792,364.960887403292,3886.47412791737,11197.374405521,1.125,0.016,0.197,0,-145.762304972794
10604633.3560196,16648.0602804224,56965.0359105394,322593.547789299,1.01041666666667,0.0555555555555556,0.192307692307692,0,37.1896321726284
10959617.3336668,738.564698305547,9265.03343091473,31219.0682039652,1.55208333333333,0.025,0.478,0,-372.878842625891
10930578.562271,381.974434095025,11341.3480339059,58538.1152608346,0.614583333333333,0.025,0.478,0,-556.678704211372
10926355.0367229,2067.83260869343,13144.3240414989,59272.8066268991,1.58333333333333,0.044,0.423,0,-332.641342310475
1452550.29402514,13785.4823067171,50558.9934136591,9483945.23025456,2.8,0.072,0.134,0,-146.215535188775
10874245.7188167,2110.83183180886,7766.98384072318,116716.465510685,0.979166666666667,0.0555555555555556,0.192307692307692,0,-26.1462059195369
10970587.1771192,1127.50238907499,3396.30600969939,25729.0144820728,1.46875,0.036,0.142,0,28.0242959789785
10004366.3980497,122095.38808405,457645.805462502,416732.40840381,3.315,0.029,0.277,0,-1988.30072359897
10984527.576401,332.77466173368,3964.10370855798,12015.5452288048,0.989583333333333,0.016,0.197,0,-156.169520500097
10998342.8912313,362.592201957406,1249.83697651703,884.679590265565,3.2875,0.029,0.277,0,-50.0199398135455
10999026.8217807,193.525797108607,803.098531375106,816.553890850498,2.6,0.044,0.423,0,-7.66362333876895
10766819.6454,3703.52374005353,7687.41370470068,222629.417155273,1.33333333333333,0.083,0.204,0,285.071870068534
10949821.2376427,803.015065643705,12023.9008313199,38191.8464603138,1.28125,0.025,0.478,0,-513.438482821612
10082413.1629238,6607.02427509532,28608.7012965142,883211.111504604,0.5,0.083,0.204,0,-318.081430405944
10995057.8756203,1409.74138568054,2355.04629379162,2017.33670020955,2.544,0.069,0.229,0,140.738951923999
10575552.7234163,15094.9645621142,56081.2278634242,354111.084158084,0.90625,0.0555555555555556,0.192307692307692,0,-213.33425683773
10136873.6208859,8899.49462495609,48432.7664744226,806634.118014517,0.541666666666667,0.069,0.229,0,-979.094874764563
10820605.4567299,4003.93648055523,23447.1550060587,152783.451783381,0.5,0.069,0.229,0,-533.24764547316
1562929.00761413,54747.875579416,186971.552789375,9196191.56401712,2.8,0.072,0.134,0,116.551281150679
10971805.1199268,368.542030684956,4916.04675277612,23750.2912897237,1.48958333333333,0.025,0.478,0,-202.244405786686
10205798.5063412,28112.2112865736,77716.8965033593,689212.3858688,0.875,0.083,0.204,0,1087.99725398446
2106513.19120763,239810.050987934,550344.014953014,8104172.74285146,3.465,0.072,0.134,0,15547.8896044178
10985048.0783318,353.895041805146,3927.9792668045,11510.0473596656,1.07291666666667,0.016,0.197,0,-150.161411777754
10996278.8620571,3.38420431112629,62.2997947461722,4495.4539437799,0.436666666666667,0.039,0.341,0,-2.83671310669611
10972219.8025487,773.330126504309,10604.7022476509,17242.165077159,0.5,0.044,0.423,0,-440.388252158078
4091190.40408222,403535.121795207,3199157.30609555,3306957.16802701,2.94,0.029,0.277,0,-100050.157478379
10989710.9118354,1025.14030546431,5158.29239259924,4945.65546648675,2.068,0.044,0.423,0,-89.4587655068651
10871237.4268231,2213.33037406866,7675.65737154065,119713.585431248,1.05208333333333,0.0555555555555556,0.192307692307692,0,-0.628322039589913
10818567.7761672,5063.63987010336,21020.1637016232,156188.420260989,0.5,0.083,0.204,0,-195.38560812956
10995220.6904054,293.517721937757,2775.22311839211,2550.56875425791,1.06428571428571,0.016,0.197,0,-97.7561608516994
10891255.1416141,2323.17022363826,14014.506756204,93247.1814060619,0.53125,0.0555555555555556,0.192307692307692,0,-331.175883527519
10904469.9805891,4515.03054890948,25212.468119155,66642.5207427878,0.5,0.0555555555555556,0.192307692307692,0,-531.678220938491
10998319.4599596,61.7629204237236,656.291506165487,1802.48561376576,0.828,0.039,0.341,0,-24.5835429265508
10996617.577142,6.0757456311036,110.848612916953,4105.49849941326,0.466666666666667,0.039,0.341,0,-4.98350780971374
10242449.3210761,22836.5778786938,85213.6296912477,650340.471353764,0.885416666666667,0.069,0.229,0,-342.765854258526
10440193.8182152,28152.0727568291,81364.8283391892,451129.280688636,1.22916666666667,0.069,0.229,0,893.652167255413
10985831.9438033,3281.35160498898,6067.62480239316,5659.0797893484,2.306,0.0555555555555556,0.192307692307692,0,294.232744377161
10942074.7602288,5803.3521506916,29102.7976526121,23859.0899679325,2.04,0.029,0.277,0,-475.590555179739
10833893.2245095,8541.91387946952,33361.6923751751,125043.169235821,0.5,0.083,0.204,0,-209.270415875968
10817606.2041176,3548.53330081996,20802.5455101775,158882.717071316,0.5,0.069,0.229,0,-472.959622991369
10976333.1605837,662.912760166951,2730.09879515077,21113.8278609606,1.01041666666667,0.036,0.142,0,-24.1640067688821
10980923.95505,148.595807093002,4621.34508849943,15146.1040543414,0.625,0.025,0.478,0,-228.413121600535
10994997.3261446,213.707651689105,2809.54501299202,2819.4211907154,0.583333333333333,0.016,0.197,0,-115.00917670017
10892619.5053161,19715.9896333482,34159.4747184726,54345.0303320182,1.51428571428571,0.083,0.204,0,1892.24377630014
10998577.0057624,226.674007932662,1217.39477953778,818.925450154289,2.474,0.016,0.197,0,-24.0215354771499
